chrom	length	bases	mean	min	max
BdenJEL423_SC01	4440149	347963086	78.37	0	665
BdenJEL423_SC01_region	4440149	347963086	78.37	0	665
BdenJEL423_SC02	2313122	185140227	80.04	0	3220
BdenJEL423_SC02_region	2313122	185140227	80.04	0	3220
BdenJEL423_SC03	1829408	144072105	78.75	0	2304
BdenJEL423_SC03_region	1829408	144072105	78.75	0	2304
BdenJEL423_SC04	1803316	133632330	74.10	0	436
BdenJEL423_SC04_region	1803316	133632330	74.10	0	436
BdenJEL423_SC05	1707251	125533589	73.53	0	1098
BdenJEL423_SC05_region	1707251	125533589	73.53	0	1098
BdenJEL423_SC06	1545501	120151983	77.74	0	2695
BdenJEL423_SC06_region	1545501	120151983	77.74	0	2695
BdenJEL423_SC07	1398854	113804663	81.36	0	923
BdenJEL423_SC07_region	1398854	113804663	81.36	0	923
BdenJEL423_SC08	1069847	83893572	78.42	0	3606
BdenJEL423_SC08_region	1069847	83893572	78.42	0	3606
BdenJEL423_SC09	1057463	77014340	72.83	0	344
BdenJEL423_SC09_region	1057463	77014340	72.83	0	344
BdenJEL423_SC10	1012305	74731782	73.82	0	502
BdenJEL423_SC10_region	1012305	74731782	73.82	0	502
BdenJEL423_SC11	979369	72518955	74.05	0	696
BdenJEL423_SC11_region	979369	72518955	74.05	0	696
BdenJEL423_SC12	937107	67545065	72.08	0	527
BdenJEL423_SC12_region	937107	67545065	72.08	0	527
BdenJEL423_SC13	898261	72535176	80.75	0	1530
BdenJEL423_SC13_region	898261	72535176	80.75	0	1530
BdenJEL423_SC14	857155	216877487	253.02	0	5748
BdenJEL423_SC14_region	857155	216877487	253.02	0	5748
BdenJEL423_SC15	557602	42004565	75.33	0	591
BdenJEL423_SC15_region	557602	42004565	75.33	0	591
BdenJEL423_SC16	498254	21126600	42.40	0	309
BdenJEL423_SC16_region	498254	21126600	42.40	0	309
BdenJEL423_SC17	243426	12980194	53.32	0	234
BdenJEL423_SC17_region	243426	12980194	53.32	0	234
BdenJEL423_SC18	48566	5191222	106.89	0	1663
BdenJEL423_SC18_region	48566	5191222	106.89	0	1663
BdenJEL423_SC19	69118	2930911	42.40	0	140
BdenJEL423_SC19_region	69118	2930911	42.40	0	140
BdenJEL423_SC20	45066	2306519	51.18	0	320
BdenJEL423_SC20_region	45066	2306519	51.18	0	320
BdenJEL423_SC21	28371	2094828	73.84	0	116
BdenJEL423_SC21_region	28371	2094828	73.84	0	116
BdenJEL423_SC22	17531	373895	21.33	0	120
BdenJEL423_SC22_region	17531	373895	21.33	0	120
BdenJEL423_SC23	15724	2865148	182.21	0	822
BdenJEL423_SC23_region	15724	2865148	182.21	0	822
BdenJEL423_SC24	15635	887638	56.77	0	128
BdenJEL423_SC24_region	15635	887638	56.77	0	128
BdenJEL423_SC25	13302	1187402	89.26	0	575
BdenJEL423_SC25_region	13302	1187402	89.26	0	575
BdenJEL423_SC26	12287	1054976	85.86	0	277
BdenJEL423_SC26_region	12287	1054976	85.86	0	277
BdenJEL423_SC27	11745	1683839	143.37	0	680
BdenJEL423_SC27_region	11745	1683839	143.37	0	680
BdenJEL423_SC28	11715	755490	64.49	0	173
BdenJEL423_SC28_region	11715	755490	64.49	0	173
BdenJEL423_SC29	10519	415527	39.50	0	100
BdenJEL423_SC29_region	10519	415527	39.50	0	100
BdenJEL423_SC30	9825	512526	52.17	0	133
BdenJEL423_SC30_region	9825	512526	52.17	0	133
BdenJEL423_SC31	9499	614409	64.68	0	183
BdenJEL423_SC31_region	9499	614409	64.68	0	183
BdenJEL423_SC32	9394	1156328	123.09	0	577
BdenJEL423_SC32_region	9394	1156328	123.09	0	577
BdenJEL423_SC33	8891	503988	56.69	0	101
BdenJEL423_SC33_region	8891	503988	56.69	0	101
BdenJEL423_SC34	8868	1102364	124.31	0	312
BdenJEL423_SC34_region	8868	1102364	124.31	0	312
BdenJEL423_SC35	14477	5283729	364.97	0	1991
BdenJEL423_SC35_region	14477	5283729	364.97	0	1991
BdenJEL423_SC36	8411	496242	59.00	0	158
BdenJEL423_SC36_region	8411	496242	59.00	0	158
BdenJEL423_SC37	8246	399978	48.51	0	172
BdenJEL423_SC37_region	8246	399978	48.51	0	172
BdenJEL423_SC38	7919	541420	68.37	0	118
BdenJEL423_SC38_region	7919	541420	68.37	0	118
BdenJEL423_SC39	7486	585821	78.26	0	205
BdenJEL423_SC39_region	7486	585821	78.26	0	205
BdenJEL423_SC40	7373	448485	60.83	0	123
BdenJEL423_SC40_region	7373	448485	60.83	0	123
BdenJEL423_SC41	7250	9513527	1312.21	0	2161
BdenJEL423_SC41_region	7250	9513527	1312.21	0	2161
BdenJEL423_SC42	7213	434848	60.29	0	154
BdenJEL423_SC42_region	7213	434848	60.29	0	154
BdenJEL423_SC43	7203	444529	61.71	0	115
BdenJEL423_SC43_region	7203	444529	61.71	0	115
BdenJEL423_SC44	7151	263881	36.90	0	94
BdenJEL423_SC44_region	7151	263881	36.90	0	94
BdenJEL423_SC45	7120	476713	66.95	0	139
BdenJEL423_SC45_region	7120	476713	66.95	0	139
BdenJEL423_SC46	7014	402694	57.41	0	132
BdenJEL423_SC46_region	7014	402694	57.41	0	132
BdenJEL423_SC47	6856	1673989	244.16	0	850
BdenJEL423_SC47_region	6856	1673989	244.16	0	850
BdenJEL423_SC48	6834	506073	74.05	0	128
BdenJEL423_SC48_region	6834	506073	74.05	0	128
BdenJEL423_SC49	6519	1890116	289.94	0	1491
BdenJEL423_SC49_region	6519	1890116	289.94	0	1491
BdenJEL423_SC50	6174	438319	70.99	0	128
BdenJEL423_SC50_region	6174	438319	70.99	0	128
BdenJEL423_SC51	6095	3205466	525.92	0	2994
BdenJEL423_SC51_region	6095	3205466	525.92	0	2994
BdenJEL423_SC52	6071	292583	48.19	4	137
BdenJEL423_SC52_region	6071	292583	48.19	4	137
BdenJEL423_SC53	6016	5410554	899.36	0	2416
BdenJEL423_SC53_region	6016	5410554	899.36	0	2416
BdenJEL423_SC54	5992	4383041	731.48	0	3039
BdenJEL423_SC54_region	5992	4383041	731.48	0	3039
BdenJEL423_SC55	5977	186607	31.22	0	65
BdenJEL423_SC55_region	5977	186607	31.22	0	65
BdenJEL423_SC56	5808	495753	85.36	0	191
BdenJEL423_SC56_region	5808	495753	85.36	0	191
BdenJEL423_SC57	5752	1527514	265.56	0	1329
BdenJEL423_SC57_region	5752	1527514	265.56	0	1329
BdenJEL423_SC58	8484	4958013	584.40	0	3914
BdenJEL423_SC58_region	8484	4958013	584.40	0	3914
BdenJEL423_SC59	5694	583777	102.52	0	278
BdenJEL423_SC59_region	5694	583777	102.52	0	278
BdenJEL423_SC60	5543	83385	15.04	0	82
BdenJEL423_SC60_region	5543	83385	15.04	0	82
BdenJEL423_SC61	5512	217279	39.42	0	201
BdenJEL423_SC61_region	5512	217279	39.42	0	201
BdenJEL423_SC62	5380	278568	51.78	0	161
BdenJEL423_SC62_region	5380	278568	51.78	0	161
BdenJEL423_SC63	5288	125807	23.79	0	129
BdenJEL423_SC63_region	5288	125807	23.79	0	129
BdenJEL423_SC64	5189	353513	68.13	0	137
BdenJEL423_SC64_region	5189	353513	68.13	0	137
BdenJEL423_SC65	5077	2999564	590.81	2	1546
BdenJEL423_SC65_region	5077	2999564	590.81	2	1546
BdenJEL423_SC66	4922	439022	89.20	0	323
BdenJEL423_SC66_region	4922	439022	89.20	0	323
BdenJEL423_SC67	4755	47660	10.02	0	43
BdenJEL423_SC67_region	4755	47660	10.02	0	43
BdenJEL423_SC68	4529	7503152	1656.69	8	4170
BdenJEL423_SC68_region	4529	7503152	1656.69	8	4170
BdenJEL423_SC69	2608	3034448	1163.52	0	2866
BdenJEL423_SC69_region	2608	3034448	1163.52	0	2866
BdenJEL423_mito	175284	242128674	1381.35	0	2676
BdenJEL423_mito_region	175284	242128674	1381.35	0	2676
total	23897668	2239217473	93.70	0	5748
total_region	23897668	2239217473	93.70	0	5748
