chrom	length	bases	mean	min	max
BdenJEL423_SC01	4440149	692939019	156.06	0	1108
BdenJEL423_SC01_region	4440149	692939019	156.06	0	1108
BdenJEL423_SC02	2313122	377917153	163.38	0	2740
BdenJEL423_SC02_region	2313122	377917153	163.38	0	2740
BdenJEL423_SC03	1829408	311336990	170.18	0	2434
BdenJEL423_SC03_region	1829408	311336990	170.18	0	2434
BdenJEL423_SC04	1803316	281584540	156.15	0	594
BdenJEL423_SC04_region	1803316	281584540	156.15	0	594
BdenJEL423_SC05	1707251	288981545	169.27	0	3109
BdenJEL423_SC05_region	1707251	288981545	169.27	0	3109
BdenJEL423_SC06	1545501	251666886	162.84	0	2999
BdenJEL423_SC06_region	1545501	251666886	162.84	0	2999
BdenJEL423_SC07	1398854	221585888	158.41	0	1215
BdenJEL423_SC07_region	1398854	221585888	158.41	0	1215
BdenJEL423_SC08	1069847	171414229	160.22	0	2331
BdenJEL423_SC08_region	1069847	171414229	160.22	0	2331
BdenJEL423_SC09	1057463	164288170	155.36	0	722
BdenJEL423_SC09_region	1057463	164288170	155.36	0	722
BdenJEL423_SC10	1012305	159027740	157.09	0	710
BdenJEL423_SC10_region	1012305	159027740	157.09	0	710
BdenJEL423_SC11	979369	164213409	167.67	0	1853
BdenJEL423_SC11_region	979369	164213409	167.67	0	1853
BdenJEL423_SC12	937107	150208944	160.29	0	652
BdenJEL423_SC12_region	937107	150208944	160.29	0	652
BdenJEL423_SC13	898261	152993026	170.32	0	3507
BdenJEL423_SC13_region	898261	152993026	170.32	0	3507
BdenJEL423_SC14	857155	237669361	277.28	0	9230
BdenJEL423_SC14_region	857155	237669361	277.28	0	9230
BdenJEL423_SC15	557602	89932766	161.28	0	582
BdenJEL423_SC15_region	557602	89932766	161.28	0	582
BdenJEL423_SC16	498254	78727493	158.01	0	742
BdenJEL423_SC16_region	498254	78727493	158.01	0	742
BdenJEL423_SC17	243426	38615642	158.63	0	380
BdenJEL423_SC17_region	243426	38615642	158.63	0	380
BdenJEL423_SC18	48566	8562673	176.31	0	1500
BdenJEL423_SC18_region	48566	8562673	176.31	0	1500
BdenJEL423_SC19	69118	6349245	91.86	0	308
BdenJEL423_SC19_region	69118	6349245	91.86	0	308
BdenJEL423_SC20	45066	8911893	197.75	0	648
BdenJEL423_SC20_region	45066	8911893	197.75	0	648
BdenJEL423_SC21	28371	4447112	156.75	1	233
BdenJEL423_SC21_region	28371	4447112	156.75	1	233
BdenJEL423_SC22	17531	2061437	117.59	1	396
BdenJEL423_SC22_region	17531	2061437	117.59	1	396
BdenJEL423_SC23	15724	5255834	334.26	0	2618
BdenJEL423_SC23_region	15724	5255834	334.26	0	2618
BdenJEL423_SC24	15635	1936133	123.83	0	350
BdenJEL423_SC24_region	15635	1936133	123.83	0	350
BdenJEL423_SC25	13302	1583530	119.04	0	326
BdenJEL423_SC25_region	13302	1583530	119.04	0	326
BdenJEL423_SC26	12287	1648092	134.13	0	308
BdenJEL423_SC26_region	12287	1648092	134.13	0	308
BdenJEL423_SC27	11745	3245387	276.32	0	868
BdenJEL423_SC27_region	11745	3245387	276.32	0	868
BdenJEL423_SC28	11715	1593283	136.00	0	285
BdenJEL423_SC28_region	11715	1593283	136.00	0	285
BdenJEL423_SC29	10519	1024537	97.40	0	348
BdenJEL423_SC29_region	10519	1024537	97.40	0	348
BdenJEL423_SC30	9825	1100330	111.99	0	253
BdenJEL423_SC30_region	9825	1100330	111.99	0	253
BdenJEL423_SC31	9499	1430520	150.60	0	394
BdenJEL423_SC31_region	9499	1430520	150.60	0	394
BdenJEL423_SC32	9394	2152237	229.11	0	727
BdenJEL423_SC32_region	9394	2152237	229.11	0	727
BdenJEL423_SC33	8891	1184316	133.20	1	209
BdenJEL423_SC33_region	8891	1184316	133.20	1	209
BdenJEL423_SC34	8868	1021243	115.16	0	420
BdenJEL423_SC34_region	8868	1021243	115.16	0	420
BdenJEL423_SC35	14477	4758536	328.70	0	3168
BdenJEL423_SC35_region	14477	4758536	328.70	0	3168
BdenJEL423_SC36	8411	991988	117.94	0	280
BdenJEL423_SC36_region	8411	991988	117.94	0	280
BdenJEL423_SC37	8246	820719	99.53	0	194
BdenJEL423_SC37_region	8246	820719	99.53	0	194
BdenJEL423_SC38	7919	1097528	138.59	0	228
BdenJEL423_SC38_region	7919	1097528	138.59	0	228
BdenJEL423_SC39	7486	1300199	173.68	0	572
BdenJEL423_SC39_region	7486	1300199	173.68	0	572
BdenJEL423_SC40	7373	586527	79.55	1	147
BdenJEL423_SC40_region	7373	586527	79.55	1	147
BdenJEL423_SC41	7250	18334160	2528.85	0	5107
BdenJEL423_SC41_region	7250	18334160	2528.85	0	5107
BdenJEL423_SC42	7213	893684	123.90	0	327
BdenJEL423_SC42_region	7213	893684	123.90	0	327
BdenJEL423_SC43	7203	760150	105.53	1	255
BdenJEL423_SC43_region	7203	760150	105.53	1	255
BdenJEL423_SC44	7151	794637	111.12	0	259
BdenJEL423_SC44_region	7151	794637	111.12	0	259
BdenJEL423_SC45	7120	982428	137.98	0	285
BdenJEL423_SC45_region	7120	982428	137.98	0	285
BdenJEL423_SC46	7014	885994	126.32	0	217
BdenJEL423_SC46_region	7014	885994	126.32	0	217
BdenJEL423_SC47	6856	1997456	291.34	0	770
BdenJEL423_SC47_region	6856	1997456	291.34	0	770
BdenJEL423_SC48	6834	1008491	147.57	0	251
BdenJEL423_SC48_region	6834	1008491	147.57	0	251
BdenJEL423_SC49	6519	2009355	308.23	0	1620
BdenJEL423_SC49_region	6519	2009355	308.23	0	1620
BdenJEL423_SC50	6174	901429	146.00	0	244
BdenJEL423_SC50_region	6174	901429	146.00	0	244
BdenJEL423_SC51	6095	3078227	505.04	0	3469
BdenJEL423_SC51_region	6095	3078227	505.04	0	3469
BdenJEL423_SC52	6071	510714	84.12	2	163
BdenJEL423_SC52_region	6071	510714	84.12	2	163
BdenJEL423_SC53	6016	5424470	901.67	0	2401
BdenJEL423_SC53_region	6016	5424470	901.67	0	2401
BdenJEL423_SC54	5992	4024937	671.72	0	3270
BdenJEL423_SC54_region	5992	4024937	671.72	0	3270
BdenJEL423_SC55	5977	542203	90.71	0	195
BdenJEL423_SC55_region	5977	542203	90.71	0	195
BdenJEL423_SC56	5808	914857	157.52	0	588
BdenJEL423_SC56_region	5808	914857	157.52	0	588
BdenJEL423_SC57	5752	1611471	280.16	0	713
BdenJEL423_SC57_region	5752	1611471	280.16	0	713
BdenJEL423_SC58	8484	9347602	1101.79	0	8643
BdenJEL423_SC58_region	8484	9347602	1101.79	0	8643
BdenJEL423_SC59	5694	1304977	229.18	3	556
BdenJEL423_SC59_region	5694	1304977	229.18	3	556
BdenJEL423_SC60	5543	697763	125.88	1	284
BdenJEL423_SC60_region	5543	697763	125.88	1	284
BdenJEL423_SC61	5512	593886	107.74	0	178
BdenJEL423_SC61_region	5512	593886	107.74	0	178
BdenJEL423_SC62	5380	677339	125.90	4	332
BdenJEL423_SC62_region	5380	677339	125.90	4	332
BdenJEL423_SC63	5288	455957	86.22	0	241
BdenJEL423_SC63_region	5288	455957	86.22	0	241
BdenJEL423_SC64	5189	637786	122.91	0	244
BdenJEL423_SC64_region	5189	637786	122.91	0	244
BdenJEL423_SC65	5077	5250171	1034.11	5	3186
BdenJEL423_SC65_region	5077	5250171	1034.11	5	3186
BdenJEL423_SC66	4922	547707	111.28	1	303
BdenJEL423_SC66_region	4922	547707	111.28	1	303
BdenJEL423_SC67	4755	535684	112.66	0	264
BdenJEL423_SC67_region	4755	535684	112.66	0	264
BdenJEL423_SC68	4529	6863773	1515.52	5	4109
BdenJEL423_SC68_region	4529	6863773	1515.52	5	4109
BdenJEL423_SC69	2608	2052767	787.10	0	1920
BdenJEL423_SC69_region	2608	2052767	787.10	0	1920
BdenJEL423_mito	175284	445238751	2540.10	0	5886
BdenJEL423_mito_region	175284	445238751	2540.10	0	5886
total	23897668	4415044926	184.75	0	9230
total_region	23897668	4415044926	184.75	0	9230
