chrom	length	bases	mean	min	max
BdenJEL423_SC01	4440149	308735309	69.53	0	396
BdenJEL423_SC01_region	4440149	308735309	69.53	0	396
BdenJEL423_SC02	2313122	221974849	95.96	0	1894
BdenJEL423_SC02_region	2313122	221974849	95.96	0	1894
BdenJEL423_SC03	1829408	189490475	103.58	0	3829
BdenJEL423_SC03_region	1829408	189490475	103.58	0	3829
BdenJEL423_SC04	1803316	126377590	70.08	0	311
BdenJEL423_SC04_region	1803316	126377590	70.08	0	311
BdenJEL423_SC05	1707251	118373923	69.34	0	1307
BdenJEL423_SC05_region	1707251	118373923	69.34	0	1307
BdenJEL423_SC06	1545501	111803583	72.34	0	2315
BdenJEL423_SC06_region	1545501	111803583	72.34	0	2315
BdenJEL423_SC07	1398854	98690923	70.55	0	595
BdenJEL423_SC07_region	1398854	98690923	70.55	0	595
BdenJEL423_SC08	1069847	77320684	72.27	0	2333
BdenJEL423_SC08_region	1069847	77320684	72.27	0	2333
BdenJEL423_SC09	1057463	73202767	69.22	0	346
BdenJEL423_SC09_region	1057463	73202767	69.22	0	346
BdenJEL423_SC10	1012305	71184467	70.32	0	320
BdenJEL423_SC10_region	1012305	71184467	70.32	0	320
BdenJEL423_SC11	979369	80115690	81.80	0	484
BdenJEL423_SC11_region	979369	80115690	81.80	0	484
BdenJEL423_SC12	937107	65766816	70.18	0	288
BdenJEL423_SC12_region	937107	65766816	70.18	0	288
BdenJEL423_SC13	898261	69242357	77.08	0	2319
BdenJEL423_SC13_region	898261	69242357	77.08	0	2319
BdenJEL423_SC14	857155	150100499	175.11	0	4037
BdenJEL423_SC14_region	857155	150100499	175.11	0	4037
BdenJEL423_SC15	557602	39877747	71.52	0	638
BdenJEL423_SC15_region	557602	39877747	71.52	0	638
BdenJEL423_SC16	498254	35005442	70.26	0	390
BdenJEL423_SC16_region	498254	35005442	70.26	0	390
BdenJEL423_SC17	243426	17302477	71.08	0	304
BdenJEL423_SC17_region	243426	17302477	71.08	0	304
BdenJEL423_SC18	48566	4050456	83.40	0	938
BdenJEL423_SC18_region	48566	4050456	83.40	0	938
BdenJEL423_SC19	69118	2915619	42.18	0	146
BdenJEL423_SC19_region	69118	2915619	42.18	0	146
BdenJEL423_SC20	45066	4072885	90.38	0	319
BdenJEL423_SC20_region	45066	4072885	90.38	0	319
BdenJEL423_SC21	28371	1970826	69.47	0	111
BdenJEL423_SC21_region	28371	1970826	69.47	0	111
BdenJEL423_SC22	17531	926986	52.88	0	199
BdenJEL423_SC22_region	17531	926986	52.88	0	199
BdenJEL423_SC23	15724	2062819	131.19	0	628
BdenJEL423_SC23_region	15724	2062819	131.19	0	628
BdenJEL423_SC24	15635	1159587	74.17	0	184
BdenJEL423_SC24_region	15635	1159587	74.17	0	184
BdenJEL423_SC25	13302	837391	62.95	0	176
BdenJEL423_SC25_region	13302	837391	62.95	0	176
BdenJEL423_SC26	12287	805220	65.53	0	143
BdenJEL423_SC26_region	12287	805220	65.53	0	143
BdenJEL423_SC27	11745	1508515	128.44	0	406
BdenJEL423_SC27_region	11745	1508515	128.44	0	406
BdenJEL423_SC28	11715	954782	81.50	0	187
BdenJEL423_SC28_region	11715	954782	81.50	0	187
BdenJEL423_SC29	10519	660803	62.82	0	181
BdenJEL423_SC29_region	10519	660803	62.82	0	181
BdenJEL423_SC30	9825	510388	51.95	0	129
BdenJEL423_SC30_region	9825	510388	51.95	0	129
BdenJEL423_SC31	9499	678660	71.45	0	195
BdenJEL423_SC31_region	9499	678660	71.45	0	195
BdenJEL423_SC32	9394	990685	105.46	0	387
BdenJEL423_SC32_region	9394	990685	105.46	0	387
BdenJEL423_SC33	8891	471047	52.98	0	92
BdenJEL423_SC33_region	8891	471047	52.98	0	92
BdenJEL423_SC34	8868	767513	86.55	0	230
BdenJEL423_SC34_region	8868	767513	86.55	0	230
BdenJEL423_SC35	14477	2795414	193.09	0	1088
BdenJEL423_SC35_region	14477	2795414	193.09	0	1088
BdenJEL423_SC36	8411	466629	55.48	0	166
BdenJEL423_SC36_region	8411	466629	55.48	0	166
BdenJEL423_SC37	8246	431085	52.28	0	100
BdenJEL423_SC37_region	8246	431085	52.28	0	100
BdenJEL423_SC38	7919	502293	63.43	0	111
BdenJEL423_SC38_region	7919	502293	63.43	0	111
BdenJEL423_SC39	7486	700911	93.63	0	270
BdenJEL423_SC39_region	7486	700911	93.63	0	270
BdenJEL423_SC40	7373	438829	59.52	0	113
BdenJEL423_SC40_region	7373	438829	59.52	0	113
BdenJEL423_SC41	7250	4391824	605.77	3	801
BdenJEL423_SC41_region	7250	4391824	605.77	3	801
BdenJEL423_SC42	7213	430664	59.71	0	140
BdenJEL423_SC42_region	7213	430664	59.71	0	140
BdenJEL423_SC43	7203	362455	50.32	0	139
BdenJEL423_SC43_region	7203	362455	50.32	0	139
BdenJEL423_SC44	7151	383244	53.59	0	129
BdenJEL423_SC44_region	7151	383244	53.59	0	129
BdenJEL423_SC45	7120	424171	59.57	0	132
BdenJEL423_SC45_region	7120	424171	59.57	0	132
BdenJEL423_SC46	7014	361310	51.51	0	116
BdenJEL423_SC46_region	7014	361310	51.51	0	116
BdenJEL423_SC47	6856	953198	139.03	1	368
BdenJEL423_SC47_region	6856	953198	139.03	1	368
BdenJEL423_SC48	6834	631240	92.37	0	179
BdenJEL423_SC48_region	6834	631240	92.37	0	179
BdenJEL423_SC49	6519	1188330	182.29	0	1073
BdenJEL423_SC49_region	6519	1188330	182.29	0	1073
BdenJEL423_SC50	6174	411271	66.61	0	127
BdenJEL423_SC50_region	6174	411271	66.61	0	127
BdenJEL423_SC51	6095	1718950	282.03	0	2232
BdenJEL423_SC51_region	6095	1718950	282.03	0	2232
BdenJEL423_SC52	6071	244154	40.22	0	118
BdenJEL423_SC52_region	6071	244154	40.22	0	118
BdenJEL423_SC53	6016	4441756	738.32	0	2238
BdenJEL423_SC53_region	6016	4441756	738.32	0	2238
BdenJEL423_SC54	5992	2375851	396.50	0	2205
BdenJEL423_SC54_region	5992	2375851	396.50	0	2205
BdenJEL423_SC55	5977	243439	40.73	0	83
BdenJEL423_SC55_region	5977	243439	40.73	0	83
BdenJEL423_SC56	5808	355959	61.29	0	196
BdenJEL423_SC56_region	5808	355959	61.29	0	196
BdenJEL423_SC57	5752	886993	154.21	0	346
BdenJEL423_SC57_region	5752	886993	154.21	0	346
BdenJEL423_SC58	8484	4862944	573.19	0	4309
BdenJEL423_SC58_region	8484	4862944	573.19	0	4309
BdenJEL423_SC59	5694	565307	99.28	0	237
BdenJEL423_SC59_region	5694	565307	99.28	0	237
BdenJEL423_SC60	5543	333861	60.23	2	126
BdenJEL423_SC60_region	5543	333861	60.23	2	126
BdenJEL423_SC61	5512	312951	56.78	1	109
BdenJEL423_SC61_region	5512	312951	56.78	1	109
BdenJEL423_SC62	5380	268150	49.84	1	172
BdenJEL423_SC62_region	5380	268150	49.84	1	172
BdenJEL423_SC63	5288	120638	22.81	0	95
BdenJEL423_SC63_region	5288	120638	22.81	0	95
BdenJEL423_SC64	5189	305335	58.84	0	129
BdenJEL423_SC64_region	5189	305335	58.84	0	129
BdenJEL423_SC65	5077	2616943	515.45	1	1803
BdenJEL423_SC65_region	5077	2616943	515.45	1	1803
BdenJEL423_SC66	4922	374365	76.06	2	179
BdenJEL423_SC66_region	4922	374365	76.06	2	179
BdenJEL423_SC67	4755	355150	74.69	0	210
BdenJEL423_SC67_region	4755	355150	74.69	0	210
BdenJEL423_SC68	4529	5116349	1129.69	5	3185
BdenJEL423_SC68_region	4529	5116349	1129.69	5	3185
BdenJEL423_SC69	2608	1911517	732.94	0	1322
BdenJEL423_SC69_region	2608	1911517	732.94	0	1322
BdenJEL423_mito	175284	95816360	546.63	0	874
BdenJEL423_mito_region	175284	95816360	546.63	0	874
total	23897668	2018009620	84.44	0	4309
total_region	23897668	2018009620	84.44	0	4309
