chrom	length	bases	mean	min	max
BdenJEL423_SC01	4440149	261828917	58.97	0	603
BdenJEL423_SC01_region	4440149	261828917	58.97	0	603
BdenJEL423_SC02	2313122	141891223	61.34	0	1210
BdenJEL423_SC02_region	2313122	141891223	61.34	0	1210
BdenJEL423_SC03	1829408	159668557	87.28	0	970
BdenJEL423_SC03_region	1829408	159668557	87.28	0	970
BdenJEL423_SC04	1803316	106176401	58.88	0	248
BdenJEL423_SC04_region	1803316	106176401	58.88	0	248
BdenJEL423_SC05	1707251	146626503	85.88	0	857
BdenJEL423_SC05_region	1707251	146626503	85.88	0	857
BdenJEL423_SC06	1545501	93661046	60.60	0	1540
BdenJEL423_SC06_region	1545501	93661046	60.60	0	1540
BdenJEL423_SC07	1398854	84392580	60.33	0	437
BdenJEL423_SC07_region	1398854	84392580	60.33	0	437
BdenJEL423_SC08	1069847	87391567	81.69	0	997
BdenJEL423_SC08_region	1069847	87391567	81.69	0	997
BdenJEL423_SC09	1057463	61192043	57.87	0	243
BdenJEL423_SC09_region	1057463	61192043	57.87	0	243
BdenJEL423_SC10	1012305	59783245	59.06	0	251
BdenJEL423_SC10_region	1012305	59783245	59.06	0	251
BdenJEL423_SC11	979369	57195675	58.40	0	633
BdenJEL423_SC11_region	979369	57195675	58.40	0	633
BdenJEL423_SC12	937107	54210501	57.85	0	252
BdenJEL423_SC12_region	937107	54210501	57.85	0	252
BdenJEL423_SC13	898261	56678794	63.10	0	1453
BdenJEL423_SC13_region	898261	56678794	63.10	0	1453
BdenJEL423_SC14	857155	98014789	114.35	0	2473
BdenJEL423_SC14_region	857155	98014789	114.35	0	2473
BdenJEL423_SC15	557602	33353254	59.82	0	394
BdenJEL423_SC15_region	557602	33353254	59.82	0	394
BdenJEL423_SC16	498254	15660997	31.43	0	201
BdenJEL423_SC16_region	498254	15660997	31.43	0	201
BdenJEL423_SC17	243426	14268990	58.62	0	149
BdenJEL423_SC17_region	243426	14268990	58.62	0	149
BdenJEL423_SC18	48566	3140777	64.67	0	633
BdenJEL423_SC18_region	48566	3140777	64.67	0	633
BdenJEL423_SC19	69118	2876707	41.62	0	127
BdenJEL423_SC19_region	69118	2876707	41.62	0	127
BdenJEL423_SC20	45066	3100516	68.80	0	213
BdenJEL423_SC20_region	45066	3100516	68.80	0	213
BdenJEL423_SC21	28371	1609335	56.72	0	97
BdenJEL423_SC21_region	28371	1609335	56.72	0	97
BdenJEL423_SC22	17531	343711	19.61	0	90
BdenJEL423_SC22_region	17531	343711	19.61	0	90
BdenJEL423_SC23	15724	2113218	134.39	0	830
BdenJEL423_SC23_region	15724	2113218	134.39	0	830
BdenJEL423_SC24	15635	666364	42.62	0	131
BdenJEL423_SC24_region	15635	666364	42.62	0	131
BdenJEL423_SC25	13302	668889	50.28	0	232
BdenJEL423_SC25_region	13302	668889	50.28	0	232
BdenJEL423_SC26	12287	647408	52.69	0	168
BdenJEL423_SC26_region	12287	647408	52.69	0	168
BdenJEL423_SC27	11745	1204453	102.55	0	367
BdenJEL423_SC27_region	11745	1204453	102.55	0	367
BdenJEL423_SC28	11715	606519	51.77	0	125
BdenJEL423_SC28_region	11715	606519	51.77	0	125
BdenJEL423_SC29	10519	258595	24.58	0	98
BdenJEL423_SC29_region	10519	258595	24.58	0	98
BdenJEL423_SC30	9825	423368	43.09	0	89
BdenJEL423_SC30_region	9825	423368	43.09	0	89
BdenJEL423_SC31	9499	523825	55.15	0	175
BdenJEL423_SC31_region	9499	523825	55.15	0	175
BdenJEL423_SC32	9394	690969	73.55	0	341
BdenJEL423_SC32_region	9394	690969	73.55	0	341
BdenJEL423_SC33	8891	607389	68.32	0	112
BdenJEL423_SC33_region	8891	607389	68.32	0	112
BdenJEL423_SC34	8868	361541	40.77	0	96
BdenJEL423_SC34_region	8868	361541	40.77	0	96
BdenJEL423_SC35	14477	2076687	143.45	0	1327
BdenJEL423_SC35_region	14477	2076687	143.45	0	1327
BdenJEL423_SC36	8411	474161	56.37	0	126
BdenJEL423_SC36_region	8411	474161	56.37	0	126
BdenJEL423_SC37	8246	295259	35.81	0	79
BdenJEL423_SC37_region	8246	295259	35.81	0	79
BdenJEL423_SC38	7919	426680	53.88	0	86
BdenJEL423_SC38_region	7919	426680	53.88	0	86
BdenJEL423_SC39	7486	242811	32.44	0	143
BdenJEL423_SC39_region	7486	242811	32.44	0	143
BdenJEL423_SC40	7373	369396	50.10	2	94
BdenJEL423_SC40_region	7373	369396	50.10	2	94
BdenJEL423_SC41	7250	4436753	611.97	5	897
BdenJEL423_SC41_region	7250	4436753	611.97	5	897
BdenJEL423_SC42	7213	334094	46.32	0	114
BdenJEL423_SC42_region	7213	334094	46.32	0	114
BdenJEL423_SC43	7203	289726	40.22	0	99
BdenJEL423_SC43_region	7203	289726	40.22	0	99
BdenJEL423_SC44	7151	278263	38.91	0	103
BdenJEL423_SC44_region	7151	278263	38.91	0	103
BdenJEL423_SC45	7120	420746	59.09	0	115
BdenJEL423_SC45_region	7120	420746	59.09	0	115
BdenJEL423_SC46	7014	320334	45.67	0	107
BdenJEL423_SC46_region	7014	320334	45.67	0	107
BdenJEL423_SC47	6856	729737	106.44	0	265
BdenJEL423_SC47_region	6856	729737	106.44	0	265
BdenJEL423_SC48	6834	393159	57.53	0	93
BdenJEL423_SC48_region	6834	393159	57.53	0	93
BdenJEL423_SC49	6519	636204	97.59	0	689
BdenJEL423_SC49_region	6519	636204	97.59	0	689
BdenJEL423_SC50	6174	345482	55.96	0	122
BdenJEL423_SC50_region	6174	345482	55.96	0	122
BdenJEL423_SC51	6095	926971	152.09	0	1411
BdenJEL423_SC51_region	6095	926971	152.09	0	1411
BdenJEL423_SC52	6071	290092	47.78	1	87
BdenJEL423_SC52_region	6071	290092	47.78	1	87
BdenJEL423_SC53	6016	2613839	434.48	0	1335
BdenJEL423_SC53_region	6016	2613839	434.48	0	1335
BdenJEL423_SC54	5992	1437571	239.92	0	1391
BdenJEL423_SC54_region	5992	1437571	239.92	0	1391
BdenJEL423_SC55	5977	161500	27.02	0	65
BdenJEL423_SC55_region	5977	161500	27.02	0	65
BdenJEL423_SC56	5808	406744	70.03	1	197
BdenJEL423_SC56_region	5808	406744	70.03	1	197
BdenJEL423_SC57	5752	397800	69.16	0	152
BdenJEL423_SC57_region	5752	397800	69.16	0	152
BdenJEL423_SC58	8484	3723096	438.84	0	3407
BdenJEL423_SC58_region	8484	3723096	438.84	0	3407
BdenJEL423_SC59	5694	484386	85.07	1	213
BdenJEL423_SC59_region	5694	484386	85.07	1	213
BdenJEL423_SC60	5543	165735	29.90	2	102
BdenJEL423_SC60_region	5543	165735	29.90	2	102
BdenJEL423_SC61	5512	123598	22.42	0	76
BdenJEL423_SC61_region	5512	123598	22.42	0	76
BdenJEL423_SC62	5380	169688	31.54	0	83
BdenJEL423_SC62_region	5380	169688	31.54	0	83
BdenJEL423_SC63	5288	95033	17.97	0	102
BdenJEL423_SC63_region	5288	95033	17.97	0	102
BdenJEL423_SC64	5189	245660	47.34	0	103
BdenJEL423_SC64_region	5189	245660	47.34	0	103
BdenJEL423_SC65	5077	2575804	507.35	2	1370
BdenJEL423_SC65_region	5077	2575804	507.35	2	1370
BdenJEL423_SC66	4922	220831	44.87	0	141
BdenJEL423_SC66_region	4922	220831	44.87	0	141
BdenJEL423_SC67	4755	302324	63.58	0	185
BdenJEL423_SC67_region	4755	302324	63.58	0	185
BdenJEL423_SC68	4529	3162876	698.36	2	1643
BdenJEL423_SC68_region	4529	3162876	698.36	2	1643
BdenJEL423_SC69	2608	1396333	535.40	0	1397
BdenJEL423_SC69_region	2608	1396333	535.40	0	1397
BdenJEL423_mito	175284	76478783	436.31	0	730
BdenJEL423_mito_region	175284	76478783	436.31	0	730
total	23897668	1659286822	69.43	0	3407
total_region	23897668	1659286822	69.43	0	3407
