chrom	length	bases	mean	min	max
BdenJEL423_SC01	4440149	294497752	66.33	0	466
BdenJEL423_SC01_region	4440149	294497752	66.33	0	466
BdenJEL423_SC02	2313122	233108859	100.78	0	1891
BdenJEL423_SC02_region	2313122	233108859	100.78	0	1891
BdenJEL423_SC03	1829408	128381640	70.18	0	1475
BdenJEL423_SC03_region	1829408	128381640	70.18	0	1475
BdenJEL423_SC04	1803316	119239557	66.12	0	311
BdenJEL423_SC04_region	1803316	119239557	66.12	0	311
BdenJEL423_SC05	1707251	147885868	86.62	0	1191
BdenJEL423_SC05_region	1707251	147885868	86.62	0	1191
BdenJEL423_SC06	1545501	109434822	70.81	0	1378
BdenJEL423_SC06_region	1545501	109434822	70.81	0	1378
BdenJEL423_SC07	1398854	95362288	68.17	0	587
BdenJEL423_SC07_region	1398854	95362288	68.17	0	587
BdenJEL423_SC08	1069847	73182523	68.40	0	1039
BdenJEL423_SC08_region	1069847	73182523	68.40	0	1039
BdenJEL423_SC09	1057463	69020182	65.27	0	293
BdenJEL423_SC09_region	1057463	69020182	65.27	0	293
BdenJEL423_SC10	1012305	72113139	71.24	0	519
BdenJEL423_SC10_region	1012305	72113139	71.24	0	519
BdenJEL423_SC11	979369	64348260	65.70	0	497
BdenJEL423_SC11_region	979369	64348260	65.70	0	497
BdenJEL423_SC12	937107	60179429	64.22	0	318
BdenJEL423_SC12_region	937107	60179429	64.22	0	318
BdenJEL423_SC13	898261	63558587	70.76	0	1565
BdenJEL423_SC13_region	898261	63558587	70.76	0	1565
BdenJEL423_SC14	857155	127635257	148.91	0	5319
BdenJEL423_SC14_region	857155	127635257	148.91	0	5319
BdenJEL423_SC15	557602	37411978	67.09	0	478
BdenJEL423_SC15_region	557602	37411978	67.09	0	478
BdenJEL423_SC16	498254	17823860	35.77	0	307
BdenJEL423_SC16_region	498254	17823860	35.77	0	307
BdenJEL423_SC17	243426	16062953	65.99	0	201
BdenJEL423_SC17_region	243426	16062953	65.99	0	201
BdenJEL423_SC18	48566	4077159	83.95	0	1136
BdenJEL423_SC18_region	48566	4077159	83.95	0	1136
BdenJEL423_SC19	69118	2709072	39.19	0	145
BdenJEL423_SC19_region	69118	2709072	39.19	0	145
BdenJEL423_SC20	45066	3659654	81.21	0	312
BdenJEL423_SC20_region	45066	3659654	81.21	0	312
BdenJEL423_SC21	28371	1866276	65.78	0	104
BdenJEL423_SC21_region	28371	1866276	65.78	0	104
BdenJEL423_SC22	17531	621890	35.47	0	173
BdenJEL423_SC22_region	17531	621890	35.47	0	173
BdenJEL423_SC23	15724	2473515	157.31	0	1076
BdenJEL423_SC23_region	15724	2473515	157.31	0	1076
BdenJEL423_SC24	15635	1137008	72.72	0	191
BdenJEL423_SC24_region	15635	1137008	72.72	0	191
BdenJEL423_SC25	13302	1066900	80.21	0	284
BdenJEL423_SC25_region	13302	1066900	80.21	0	284
BdenJEL423_SC26	12287	874629	71.18	1	203
BdenJEL423_SC26_region	12287	874629	71.18	1	203
BdenJEL423_SC27	11745	2595961	221.03	0	2178
BdenJEL423_SC27_region	11745	2595961	221.03	0	2178
BdenJEL423_SC28	11715	676704	57.76	0	141
BdenJEL423_SC28_region	11715	676704	57.76	0	141
BdenJEL423_SC29	10519	469385	44.62	0	116
BdenJEL423_SC29_region	10519	469385	44.62	0	116
BdenJEL423_SC30	9825	477726	48.62	0	105
BdenJEL423_SC30_region	9825	477726	48.62	0	105
BdenJEL423_SC31	9499	604427	63.63	0	136
BdenJEL423_SC31_region	9499	604427	63.63	0	136
BdenJEL423_SC32	9394	928406	98.83	0	381
BdenJEL423_SC32_region	9394	928406	98.83	0	381
BdenJEL423_SC33	8891	613200	68.97	0	119
BdenJEL423_SC33_region	8891	613200	68.97	0	119
BdenJEL423_SC34	8868	351408	39.63	0	131
BdenJEL423_SC34_region	8868	351408	39.63	0	131
BdenJEL423_SC35	14477	5329301	368.12	0	3150
BdenJEL423_SC35_region	14477	5329301	368.12	0	3150
BdenJEL423_SC36	8411	624554	74.25	0	177
BdenJEL423_SC36_region	8411	624554	74.25	0	177
BdenJEL423_SC37	8246	340036	41.24	0	98
BdenJEL423_SC37_region	8246	340036	41.24	0	98
BdenJEL423_SC38	7919	501250	63.30	0	107
BdenJEL423_SC38_region	7919	501250	63.30	0	107
BdenJEL423_SC39	7486	583109	77.89	0	409
BdenJEL423_SC39_region	7486	583109	77.89	0	409
BdenJEL423_SC40	7373	250882	34.03	1	66
BdenJEL423_SC40_region	7373	250882	34.03	1	66
BdenJEL423_SC41	7250	7946923	1096.13	9	1725
BdenJEL423_SC41_region	7250	7946923	1096.13	9	1725
BdenJEL423_SC42	7213	532654	73.85	0	144
BdenJEL423_SC42_region	7213	532654	73.85	0	144
BdenJEL423_SC43	7203	315238	43.76	0	106
BdenJEL423_SC43_region	7203	315238	43.76	0	106
BdenJEL423_SC44	7151	321074	44.90	0	145
BdenJEL423_SC44_region	7151	321074	44.90	0	145
BdenJEL423_SC45	7120	520508	73.11	0	146
BdenJEL423_SC45_region	7120	520508	73.11	0	146
BdenJEL423_SC46	7014	347134	49.49	0	105
BdenJEL423_SC46_region	7014	347134	49.49	0	105
BdenJEL423_SC47	6856	2006715	292.69	1	1634
BdenJEL423_SC47_region	6856	2006715	292.69	1	1634
BdenJEL423_SC48	6834	623598	91.25	0	156
BdenJEL423_SC48_region	6834	623598	91.25	0	156
BdenJEL423_SC49	6519	871949	133.76	0	520
BdenJEL423_SC49_region	6519	871949	133.76	0	520
BdenJEL423_SC50	6174	378924	61.37	0	133
BdenJEL423_SC50_region	6174	378924	61.37	0	133
BdenJEL423_SC51	6095	2549069	418.22	0	1942
BdenJEL423_SC51_region	6095	2549069	418.22	0	1942
BdenJEL423_SC52	6071	217554	35.83	2	79
BdenJEL423_SC52_region	6071	217554	35.83	2	79
BdenJEL423_SC53	6016	1212840	201.60	0	443
BdenJEL423_SC53_region	6016	1212840	201.60	0	443
BdenJEL423_SC54	5992	3970913	662.70	0	4732
BdenJEL423_SC54_region	5992	3970913	662.70	0	4732
BdenJEL423_SC55	5977	163394	27.34	0	75
BdenJEL423_SC55_region	5977	163394	27.34	0	75
BdenJEL423_SC56	5808	304326	52.40	0	109
BdenJEL423_SC56_region	5808	304326	52.40	0	109
BdenJEL423_SC57	5752	2288597	397.88	0	2120
BdenJEL423_SC57_region	5752	2288597	397.88	0	2120
BdenJEL423_SC58	8484	4174790	492.08	0	3679
BdenJEL423_SC58_region	8484	4174790	492.08	0	3679
BdenJEL423_SC59	5694	539829	94.81	1	234
BdenJEL423_SC59_region	5694	539829	94.81	1	234
BdenJEL423_SC60	5543	186661	33.68	1	95
BdenJEL423_SC60_region	5543	186661	33.68	1	95
BdenJEL423_SC61	5512	244898	44.43	0	81
BdenJEL423_SC61_region	5512	244898	44.43	0	81
BdenJEL423_SC62	5380	283174	52.63	1	163
BdenJEL423_SC62_region	5380	283174	52.63	1	163
BdenJEL423_SC63	5288	119783	22.65	0	83
BdenJEL423_SC63_region	5288	119783	22.65	0	83
BdenJEL423_SC64	5189	306650	59.10	0	109
BdenJEL423_SC64_region	5189	306650	59.10	0	109
BdenJEL423_SC65	5077	3040297	598.84	5	1868
BdenJEL423_SC65_region	5077	3040297	598.84	5	1868
BdenJEL423_SC66	4922	217045	44.10	0	113
BdenJEL423_SC66_region	4922	217045	44.10	0	113
BdenJEL423_SC67	4755	211988	44.58	0	125
BdenJEL423_SC67_region	4755	211988	44.58	0	125
BdenJEL423_SC68	4529	1641186	362.37	1	1123
BdenJEL423_SC68_region	4529	1641186	362.37	1	1123
BdenJEL423_SC69	2608	501044	192.12	0	509
BdenJEL423_SC69_region	2608	501044	192.12	0	509
BdenJEL423_mito	175284	163697613	933.90	0	1358
BdenJEL423_mito_region	175284	163697613	933.90	0	1358
total	23897668	1961815774	82.09	0	5319
total_region	23897668	1961815774	82.09	0	5319
