chrom	length	bases	mean	min	max
BdenJEL423_SC01	4440149	355937046	80.16	0	339
BdenJEL423_SC01_region	4440149	355937046	80.16	0	339
BdenJEL423_SC02	2313122	255031878	110.25	0	2421
BdenJEL423_SC02_region	2313122	255031878	110.25	0	2421
BdenJEL423_SC03	1829408	155766168	85.15	0	2369
BdenJEL423_SC03_region	1829408	155766168	85.15	0	2369
BdenJEL423_SC04	1803316	144289502	80.01	0	314
BdenJEL423_SC04_region	1803316	144289502	80.01	0	314
BdenJEL423_SC05	1707251	136288564	79.83	0	1780
BdenJEL423_SC05_region	1707251	136288564	79.83	0	1780
BdenJEL423_SC06	1545501	130730931	84.59	0	3291
BdenJEL423_SC06_region	1545501	130730931	84.59	0	3291
BdenJEL423_SC07	1398854	116140170	83.03	0	848
BdenJEL423_SC07_region	1398854	116140170	83.03	0	848
BdenJEL423_SC08	1069847	89145530	83.33	0	2467
BdenJEL423_SC08_region	1069847	89145530	83.33	0	2467
BdenJEL423_SC09	1057463	83625725	79.08	0	364
BdenJEL423_SC09_region	1057463	83625725	79.08	0	364
BdenJEL423_SC10	1012305	81697515	80.70	0	365
BdenJEL423_SC10_region	1012305	81697515	80.70	0	365
BdenJEL423_SC11	979369	64155180	65.51	0	497
BdenJEL423_SC11_region	979369	64155180	65.51	0	497
BdenJEL423_SC12	937107	73394484	78.32	0	346
BdenJEL423_SC12_region	937107	73394484	78.32	0	346
BdenJEL423_SC13	898261	77581372	86.37	0	2070
BdenJEL423_SC13_region	898261	77581372	86.37	0	2070
BdenJEL423_SC14	857155	195787972	228.42	0	5070
BdenJEL423_SC14_region	857155	195787972	228.42	0	5070
BdenJEL423_SC15	557602	59201346	106.17	0	893
BdenJEL423_SC15_region	557602	59201346	106.17	0	893
BdenJEL423_SC16	498254	21570106	43.29	0	287
BdenJEL423_SC16_region	498254	21570106	43.29	0	287
BdenJEL423_SC17	243426	25140417	103.28	0	232
BdenJEL423_SC17_region	243426	25140417	103.28	0	232
BdenJEL423_SC18	48566	4941207	101.74	0	1108
BdenJEL423_SC18_region	48566	4941207	101.74	0	1108
BdenJEL423_SC19	69118	3278133	47.43	0	156
BdenJEL423_SC19_region	69118	3278133	47.43	0	156
BdenJEL423_SC20	45066	5152829	114.34	0	357
BdenJEL423_SC20_region	45066	5152829	114.34	0	357
BdenJEL423_SC21	28371	2223570	78.37	0	120
BdenJEL423_SC21_region	28371	2223570	78.37	0	120
BdenJEL423_SC22	17531	499509	28.49	0	165
BdenJEL423_SC22_region	17531	499509	28.49	0	165
BdenJEL423_SC23	15724	2960125	188.26	0	1632
BdenJEL423_SC23_region	15724	2960125	188.26	0	1632
BdenJEL423_SC24	15635	1293247	82.71	0	196
BdenJEL423_SC24_region	15635	1293247	82.71	0	196
BdenJEL423_SC25	13302	1316778	98.99	0	348
BdenJEL423_SC25_region	13302	1316778	98.99	0	348
BdenJEL423_SC26	12287	1135288	92.40	0	306
BdenJEL423_SC26_region	12287	1135288	92.40	0	306
BdenJEL423_SC27	11745	1735762	147.79	0	555
BdenJEL423_SC27_region	11745	1735762	147.79	0	555
BdenJEL423_SC28	11715	1076829	91.92	0	266
BdenJEL423_SC28_region	11715	1076829	91.92	0	266
BdenJEL423_SC29	10519	691697	65.76	0	176
BdenJEL423_SC29_region	10519	691697	65.76	0	176
BdenJEL423_SC30	9825	582068	59.24	0	125
BdenJEL423_SC30_region	9825	582068	59.24	0	125
BdenJEL423_SC31	9499	767043	80.75	0	155
BdenJEL423_SC31_region	9499	767043	80.75	0	155
BdenJEL423_SC32	9394	1088478	115.87	0	476
BdenJEL423_SC32_region	9394	1088478	115.87	0	476
BdenJEL423_SC33	8891	559507	62.93	0	110
BdenJEL423_SC33_region	8891	559507	62.93	0	110
BdenJEL423_SC34	8868	649608	73.25	0	167
BdenJEL423_SC34_region	8868	649608	73.25	0	167
BdenJEL423_SC35	14477	5638070	389.45	0	3735
BdenJEL423_SC35_region	14477	5638070	389.45	0	3735
BdenJEL423_SC36	8411	515848	61.33	0	190
BdenJEL423_SC36_region	8411	515848	61.33	0	190
BdenJEL423_SC37	8246	489313	59.34	0	124
BdenJEL423_SC37_region	8246	489313	59.34	0	124
BdenJEL423_SC38	7919	559347	70.63	0	122
BdenJEL423_SC38_region	7919	559347	70.63	0	122
BdenJEL423_SC39	7486	828997	110.74	0	341
BdenJEL423_SC39_region	7486	828997	110.74	0	341
BdenJEL423_SC40	7373	279547	37.91	0	62
BdenJEL423_SC40_region	7373	279547	37.91	0	62
BdenJEL423_SC41	7250	6189089	853.67	0	1262
BdenJEL423_SC41_region	7250	6189089	853.67	0	1262
BdenJEL423_SC42	7213	668074	92.62	0	189
BdenJEL423_SC42_region	7213	668074	92.62	0	189
BdenJEL423_SC43	7203	370701	51.46	0	148
BdenJEL423_SC43_region	7203	370701	51.46	0	148
BdenJEL423_SC44	7151	346111	48.40	0	134
BdenJEL423_SC44_region	7151	346111	48.40	0	134
BdenJEL423_SC45	7120	442613	62.16	0	138
BdenJEL423_SC45_region	7120	442613	62.16	0	138
BdenJEL423_SC46	7014	449813	64.13	0	140
BdenJEL423_SC46_region	7014	449813	64.13	0	140
BdenJEL423_SC47	6856	1076783	157.06	0	543
BdenJEL423_SC47_region	6856	1076783	157.06	0	543
BdenJEL423_SC48	6834	671529	98.26	0	161
BdenJEL423_SC48_region	6834	671529	98.26	0	161
BdenJEL423_SC49	6519	1277856	196.02	0	1494
BdenJEL423_SC49_region	6519	1277856	196.02	0	1494
BdenJEL423_SC50	6174	434061	70.30	0	128
BdenJEL423_SC50_region	6174	434061	70.30	0	128
BdenJEL423_SC51	6095	2247660	368.77	0	2788
BdenJEL423_SC51_region	6095	2247660	368.77	0	2788
BdenJEL423_SC52	6071	259013	42.66	0	73
BdenJEL423_SC52_region	6071	259013	42.66	0	73
BdenJEL423_SC53	6016	5591417	929.42	0	2870
BdenJEL423_SC53_region	6016	5591417	929.42	0	2870
BdenJEL423_SC54	5992	3127695	521.98	0	3036
BdenJEL423_SC54_region	5992	3127695	521.98	0	3036
BdenJEL423_SC55	5977	254474	42.58	0	111
BdenJEL423_SC55_region	5977	254474	42.58	0	111
BdenJEL423_SC56	5808	405609	69.84	0	248
BdenJEL423_SC56_region	5808	405609	69.84	0	248
BdenJEL423_SC57	5752	841607	146.32	0	325
BdenJEL423_SC57_region	5752	841607	146.32	0	325
BdenJEL423_SC58	8484	5633059	663.96	0	4908
BdenJEL423_SC58_region	8484	5633059	663.96	0	4908
BdenJEL423_SC59	5694	636207	111.73	0	251
BdenJEL423_SC59_region	5694	636207	111.73	0	251
BdenJEL423_SC60	5543	237337	42.82	2	112
BdenJEL423_SC60_region	5543	237337	42.82	2	112
BdenJEL423_SC61	5512	275853	50.05	1	96
BdenJEL423_SC61_region	5512	275853	50.05	1	96
BdenJEL423_SC62	5380	363328	67.53	0	176
BdenJEL423_SC62_region	5380	363328	67.53	0	176
BdenJEL423_SC63	5288	113457	21.46	0	107
BdenJEL423_SC63_region	5288	113457	21.46	0	107
BdenJEL423_SC64	5189	346275	66.73	0	144
BdenJEL423_SC64_region	5189	346275	66.73	0	144
BdenJEL423_SC65	5077	3615840	712.20	0	2006
BdenJEL423_SC65_region	5077	3615840	712.20	0	2006
BdenJEL423_SC66	4922	326346	66.30	0	163
BdenJEL423_SC66_region	4922	326346	66.30	0	163
BdenJEL423_SC67	4755	279639	58.81	0	154
BdenJEL423_SC67_region	4755	279639	58.81	0	154
BdenJEL423_SC68	4529	7293891	1610.49	14	4253
BdenJEL423_SC68_region	4529	7293891	1610.49	14	4253
BdenJEL423_SC69	2608	2945545	1129.43	0	3332
BdenJEL423_SC69_region	2608	2945545	1129.43	0	3332
BdenJEL423_mito	175284	165582892	944.65	0	2138
BdenJEL423_mito_region	175284	165582892	944.65	0	2138
total	23897668	2316050480	96.92	0	5070
total_region	23897668	2316050480	96.92	0	5070
