chrom	length	bases	mean	min	max
BdenJEL423_SC01	4440149	328704196	74.03	0	347
BdenJEL423_SC01_region	4440149	328704196	74.03	0	347
BdenJEL423_SC02	2313122	216189529	93.46	0	1009
BdenJEL423_SC02_region	2313122	216189529	93.46	0	1009
BdenJEL423_SC03	1829408	141851915	77.54	0	1235
BdenJEL423_SC03_region	1829408	141851915	77.54	0	1235
BdenJEL423_SC04	1803316	134002607	74.31	0	298
BdenJEL423_SC04_region	1803316	134002607	74.31	0	298
BdenJEL423_SC05	1707251	214274554	125.51	0	1690
BdenJEL423_SC05_region	1707251	214274554	125.51	0	1690
BdenJEL423_SC06	1545501	117715008	76.17	0	1908
BdenJEL423_SC06_region	1545501	117715008	76.17	0	1908
BdenJEL423_SC07	1398854	108570423	77.61	0	634
BdenJEL423_SC07_region	1398854	108570423	77.61	0	634
BdenJEL423_SC08	1069847	80924101	75.64	0	1795
BdenJEL423_SC08_region	1069847	80924101	75.64	0	1795
BdenJEL423_SC09	1057463	77577718	73.36	0	364
BdenJEL423_SC09_region	1057463	77577718	73.36	0	364
BdenJEL423_SC10	1012305	75024541	74.11	0	354
BdenJEL423_SC10_region	1012305	75024541	74.11	0	354
BdenJEL423_SC11	979369	72035934	73.55	0	566
BdenJEL423_SC11_region	979369	72035934	73.55	0	566
BdenJEL423_SC12	937107	67921099	72.48	0	305
BdenJEL423_SC12_region	937107	67921099	72.48	0	305
BdenJEL423_SC13	898261	71540171	79.64	0	2052
BdenJEL423_SC13_region	898261	71540171	79.64	0	2052
BdenJEL423_SC14	857155	116651803	136.09	0	3329
BdenJEL423_SC14_region	857155	116651803	136.09	0	3329
BdenJEL423_SC15	557602	42298198	75.86	0	548
BdenJEL423_SC15_region	557602	42298198	75.86	0	548
BdenJEL423_SC16	498254	19965210	40.07	0	259
BdenJEL423_SC16_region	498254	19965210	40.07	0	259
BdenJEL423_SC17	243426	18269550	75.05	0	202
BdenJEL423_SC17_region	243426	18269550	75.05	0	202
BdenJEL423_SC18	48566	4131406	85.07	0	804
BdenJEL423_SC18_region	48566	4131406	85.07	0	804
BdenJEL423_SC19	69118	2986234	43.20	0	128
BdenJEL423_SC19_region	69118	2986234	43.20	0	128
BdenJEL423_SC20	45066	4190810	92.99	0	333
BdenJEL423_SC20_region	45066	4190810	92.99	0	333
BdenJEL423_SC21	28371	2023521	71.32	0	105
BdenJEL423_SC21_region	28371	2023521	71.32	0	105
BdenJEL423_SC22	17531	624823	35.64	0	163
BdenJEL423_SC22_region	17531	624823	35.64	0	163
BdenJEL423_SC23	15724	2063114	131.21	0	589
BdenJEL423_SC23_region	15724	2063114	131.21	0	589
BdenJEL423_SC24	15635	1054686	67.46	0	192
BdenJEL423_SC24_region	15635	1054686	67.46	0	192
BdenJEL423_SC25	13302	1020044	76.68	0	408
BdenJEL423_SC25_region	13302	1020044	76.68	0	408
BdenJEL423_SC26	12287	1056048	85.95	0	293
BdenJEL423_SC26_region	12287	1056048	85.95	0	293
BdenJEL423_SC27	11745	1447977	123.28	0	335
BdenJEL423_SC27_region	11745	1447977	123.28	0	335
BdenJEL423_SC28	11715	752835	64.26	0	154
BdenJEL423_SC28_region	11715	752835	64.26	0	154
BdenJEL423_SC29	10519	544492	51.76	0	132
BdenJEL423_SC29_region	10519	544492	51.76	0	132
BdenJEL423_SC30	9825	522191	53.15	0	128
BdenJEL423_SC30_region	9825	522191	53.15	0	128
BdenJEL423_SC31	9499	698312	73.51	0	181
BdenJEL423_SC31_region	9499	698312	73.51	0	181
BdenJEL423_SC32	9394	825968	87.93	0	318
BdenJEL423_SC32_region	9394	825968	87.93	0	318
BdenJEL423_SC33	8891	876352	98.57	1	161
BdenJEL423_SC33_region	8891	876352	98.57	1	161
BdenJEL423_SC34	8868	486230	54.83	0	123
BdenJEL423_SC34_region	8868	486230	54.83	0	123
BdenJEL423_SC35	14477	2085116	144.03	0	1468
BdenJEL423_SC35_region	14477	2085116	144.03	0	1468
BdenJEL423_SC36	8411	582275	69.23	0	191
BdenJEL423_SC36_region	8411	582275	69.23	0	191
BdenJEL423_SC37	8246	383407	46.50	0	100
BdenJEL423_SC37_region	8246	383407	46.50	0	100
BdenJEL423_SC38	7919	504457	63.70	0	114
BdenJEL423_SC38_region	7919	504457	63.70	0	114
BdenJEL423_SC39	7486	551820	73.71	0	237
BdenJEL423_SC39_region	7486	551820	73.71	0	237
BdenJEL423_SC40	7373	254393	34.50	0	56
BdenJEL423_SC40_region	7373	254393	34.50	0	56
BdenJEL423_SC41	7250	7234711	997.89	0	1622
BdenJEL423_SC41_region	7250	7234711	997.89	0	1622
BdenJEL423_SC42	7213	433198	60.06	0	138
BdenJEL423_SC42_region	7213	433198	60.06	0	138
BdenJEL423_SC43	7203	298140	41.39	0	123
BdenJEL423_SC43_region	7203	298140	41.39	0	123
BdenJEL423_SC44	7151	379448	53.06	0	139
BdenJEL423_SC44_region	7151	379448	53.06	0	139
BdenJEL423_SC45	7120	645927	90.72	0	192
BdenJEL423_SC45_region	7120	645927	90.72	0	192
BdenJEL423_SC46	7014	386728	55.14	0	119
BdenJEL423_SC46_region	7014	386728	55.14	0	119
BdenJEL423_SC47	6856	966507	140.97	0	372
BdenJEL423_SC47_region	6856	966507	140.97	0	372
BdenJEL423_SC48	6834	595801	87.18	0	147
BdenJEL423_SC48_region	6834	595801	87.18	0	147
BdenJEL423_SC49	6519	757187	116.15	0	735
BdenJEL423_SC49_region	6519	757187	116.15	0	735
BdenJEL423_SC50	6174	425444	68.91	0	132
BdenJEL423_SC50_region	6174	425444	68.91	0	132
BdenJEL423_SC51	6095	1110030	182.12	0	1202
BdenJEL423_SC51_region	6095	1110030	182.12	0	1202
BdenJEL423_SC52	6071	203717	33.56	0	61
BdenJEL423_SC52_region	6071	203717	33.56	0	61
BdenJEL423_SC53	6016	2552526	424.29	0	1264
BdenJEL423_SC53_region	6016	2552526	424.29	0	1264
BdenJEL423_SC54	5992	1705199	284.58	0	1494
BdenJEL423_SC54_region	5992	1705199	284.58	0	1494
BdenJEL423_SC55	5977	255343	42.72	0	93
BdenJEL423_SC55_region	5977	255343	42.72	0	93
BdenJEL423_SC56	5808	356429	61.37	0	235
BdenJEL423_SC56_region	5808	356429	61.37	0	235
BdenJEL423_SC57	5752	575711	100.09	0	232
BdenJEL423_SC57_region	5752	575711	100.09	0	232
BdenJEL423_SC58	8484	5155888	607.72	0	4918
BdenJEL423_SC58_region	8484	5155888	607.72	0	4918
BdenJEL423_SC59	5694	596295	104.72	1	238
BdenJEL423_SC59_region	5694	596295	104.72	1	238
BdenJEL423_SC60	5543	89961	16.23	0	80
BdenJEL423_SC60_region	5543	89961	16.23	0	80
BdenJEL423_SC61	5512	313616	56.90	1	130
BdenJEL423_SC61_region	5512	313616	56.90	1	130
BdenJEL423_SC62	5380	291403	54.16	0	172
BdenJEL423_SC62_region	5380	291403	54.16	0	172
BdenJEL423_SC63	5288	130757	24.73	0	123
BdenJEL423_SC63_region	5288	130757	24.73	0	123
BdenJEL423_SC64	5189	308644	59.48	0	120
BdenJEL423_SC64_region	5189	308644	59.48	0	120
BdenJEL423_SC65	5077	2773922	546.37	0	1986
BdenJEL423_SC65_region	5077	2773922	546.37	0	1986
BdenJEL423_SC66	4922	267880	54.43	1	140
BdenJEL423_SC66_region	4922	267880	54.43	1	140
BdenJEL423_SC67	4755	140951	29.64	0	115
BdenJEL423_SC67_region	4755	140951	29.64	0	115
BdenJEL423_SC68	4529	3450379	761.84	2	2147
BdenJEL423_SC68_region	4529	3450379	761.84	2	2147
BdenJEL423_SC69	2608	982472	376.71	0	887
BdenJEL423_SC69_region	2608	982472	376.71	0	887
BdenJEL423_mito	175284	140908559	803.89	0	1599
BdenJEL423_mito_region	175284	140908559	803.89	0	1599
total	23897668	2107475841	88.19	0	4918
total_region	23897668	2107475841	88.19	0	4918
