chrom	length	bases	mean	min	max
BdenJEL423_SC01	4440149	192476489	43.35	0	210
BdenJEL423_SC01_region	4440149	192476489	43.35	0	210
BdenJEL423_SC02	2313122	170860742	73.87	0	600
BdenJEL423_SC02_region	2313122	170860742	73.87	0	600
BdenJEL423_SC03	1829408	98346836	53.76	0	761
BdenJEL423_SC03_region	1829408	98346836	53.76	0	761
BdenJEL423_SC04	1803316	77535195	43.00	0	196
BdenJEL423_SC04_region	1803316	77535195	43.00	0	196
BdenJEL423_SC05	1707251	71549646	41.91	0	986
BdenJEL423_SC05_region	1707251	71549646	41.91	0	986
BdenJEL423_SC06	1545501	68117255	44.07	0	1285
BdenJEL423_SC06_region	1545501	68117255	44.07	0	1285
BdenJEL423_SC07	1398854	63375893	45.31	0	332
BdenJEL423_SC07_region	1398854	63375893	45.31	0	332
BdenJEL423_SC08	1069847	55091036	51.49	0	1264
BdenJEL423_SC08_region	1069847	55091036	51.49	0	1264
BdenJEL423_SC09	1057463	44948772	42.51	0	208
BdenJEL423_SC09_region	1057463	44948772	42.51	0	208
BdenJEL423_SC10	1012305	61858345	61.11	0	329
BdenJEL423_SC10_region	1012305	61858345	61.11	0	329
BdenJEL423_SC11	979369	40325897	41.18	0	309
BdenJEL423_SC11_region	979369	40325897	41.18	0	309
BdenJEL423_SC12	937107	40205513	42.90	0	184
BdenJEL423_SC12_region	937107	40205513	42.90	0	184
BdenJEL423_SC13	898261	41575313	46.28	0	1212
BdenJEL423_SC13_region	898261	41575313	46.28	0	1212
BdenJEL423_SC14	857155	73168674	85.36	0	1994
BdenJEL423_SC14_region	857155	73168674	85.36	0	1994
BdenJEL423_SC15	557602	24636115	44.18	0	351
BdenJEL423_SC15_region	557602	24636115	44.18	0	351
BdenJEL423_SC16	498254	21902647	43.96	0	233
BdenJEL423_SC16_region	498254	21902647	43.96	0	233
BdenJEL423_SC17	243426	10561587	43.39	0	121
BdenJEL423_SC17_region	243426	10561587	43.39	0	121
BdenJEL423_SC18	48566	2445515	50.35	0	543
BdenJEL423_SC18_region	48566	2445515	50.35	0	543
BdenJEL423_SC19	69118	2027304	29.33	0	99
BdenJEL423_SC19_region	69118	2027304	29.33	0	99
BdenJEL423_SC20	45066	2486048	55.16	0	182
BdenJEL423_SC20_region	45066	2486048	55.16	0	182
BdenJEL423_SC21	28371	1188980	41.91	0	70
BdenJEL423_SC21_region	28371	1188980	41.91	0	70
BdenJEL423_SC22	17531	614826	35.07	0	109
BdenJEL423_SC22_region	17531	614826	35.07	0	109
BdenJEL423_SC23	15724	1360169	86.50	0	332
BdenJEL423_SC23_region	15724	1360169	86.50	0	332
BdenJEL423_SC24	15635	818506	52.35	0	124
BdenJEL423_SC24_region	15635	818506	52.35	0	124
BdenJEL423_SC25	13302	618348	46.49	0	273
BdenJEL423_SC25_region	13302	618348	46.49	0	273
BdenJEL423_SC26	12287	652949	53.14	0	167
BdenJEL423_SC26_region	12287	652949	53.14	0	167
BdenJEL423_SC27	11745	820245	69.84	0	230
BdenJEL423_SC27_region	11745	820245	69.84	0	230
BdenJEL423_SC28	11715	424704	36.25	0	102
BdenJEL423_SC28_region	11715	424704	36.25	0	102
BdenJEL423_SC29	10519	416749	39.62	0	84
BdenJEL423_SC29_region	10519	416749	39.62	0	84
BdenJEL423_SC30	9825	318384	32.41	0	77
BdenJEL423_SC30_region	9825	318384	32.41	0	77
BdenJEL423_SC31	9499	443032	46.64	0	118
BdenJEL423_SC31_region	9499	443032	46.64	0	118
BdenJEL423_SC32	9394	560770	59.69	0	206
BdenJEL423_SC32_region	9394	560770	59.69	0	206
BdenJEL423_SC33	8891	298330	33.55	0	63
BdenJEL423_SC33_region	8891	298330	33.55	0	63
BdenJEL423_SC34	8868	278633	31.42	0	68
BdenJEL423_SC34_region	8868	278633	31.42	0	68
BdenJEL423_SC35	14477	1363027	94.15	0	839
BdenJEL423_SC35_region	14477	1363027	94.15	0	839
BdenJEL423_SC36	8411	416122	49.47	0	127
BdenJEL423_SC36_region	8411	416122	49.47	0	127
BdenJEL423_SC37	8246	229806	27.87	0	75
BdenJEL423_SC37_region	8246	229806	27.87	0	75
BdenJEL423_SC38	7919	311770	39.37	0	67
BdenJEL423_SC38_region	7919	311770	39.37	0	67
BdenJEL423_SC39	7486	427024	57.04	0	167
BdenJEL423_SC39_region	7486	427024	57.04	0	167
BdenJEL423_SC40	7373	208814	28.32	0	46
BdenJEL423_SC40_region	7373	208814	28.32	0	46
BdenJEL423_SC41	7250	4025036	555.18	0	867
BdenJEL423_SC41_region	7250	4025036	555.18	0	867
BdenJEL423_SC42	7213	254828	35.33	0	82
BdenJEL423_SC42_region	7213	254828	35.33	0	82
BdenJEL423_SC43	7203	172980	24.01	0	76
BdenJEL423_SC43_region	7203	172980	24.01	0	76
BdenJEL423_SC44	7151	276621	38.68	0	109
BdenJEL423_SC44_region	7151	276621	38.68	0	109
BdenJEL423_SC45	7120	233855	32.84	0	80
BdenJEL423_SC45_region	7120	233855	32.84	0	80
BdenJEL423_SC46	7014	242837	34.62	0	80
BdenJEL423_SC46_region	7014	242837	34.62	0	80
BdenJEL423_SC47	6856	604983	88.24	0	231
BdenJEL423_SC47_region	6856	604983	88.24	0	231
BdenJEL423_SC48	6834	495878	72.56	0	115
BdenJEL423_SC48_region	6834	495878	72.56	0	115
BdenJEL423_SC49	6519	545732	83.71	0	486
BdenJEL423_SC49_region	6519	545732	83.71	0	486
BdenJEL423_SC50	6174	237729	38.50	0	73
BdenJEL423_SC50_region	6174	237729	38.50	0	73
BdenJEL423_SC51	6095	819676	134.48	0	957
BdenJEL423_SC51_region	6095	819676	134.48	0	957
BdenJEL423_SC52	6071	121975	20.09	0	44
BdenJEL423_SC52_region	6071	121975	20.09	0	44
BdenJEL423_SC53	6016	1807136	300.39	0	975
BdenJEL423_SC53_region	6016	1807136	300.39	0	975
BdenJEL423_SC54	5992	1161476	193.84	0	1036
BdenJEL423_SC54_region	5992	1161476	193.84	0	1036
BdenJEL423_SC55	5977	150725	25.22	0	63
BdenJEL423_SC55_region	5977	150725	25.22	0	63
BdenJEL423_SC56	5808	205190	35.33	0	108
BdenJEL423_SC56_region	5808	205190	35.33	0	108
BdenJEL423_SC57	5752	356729	62.02	0	180
BdenJEL423_SC57_region	5752	356729	62.02	0	180
BdenJEL423_SC58	8484	3000039	353.61	0	2829
BdenJEL423_SC58_region	8484	3000039	353.61	0	2829
BdenJEL423_SC59	5694	357077	62.71	0	168
BdenJEL423_SC59_region	5694	357077	62.71	0	168
BdenJEL423_SC60	5543	51758	9.34	0	57
BdenJEL423_SC60_region	5543	51758	9.34	0	57
BdenJEL423_SC61	5512	184191	33.42	0	72
BdenJEL423_SC61_region	5512	184191	33.42	0	72
BdenJEL423_SC62	5380	185313	34.44	0	99
BdenJEL423_SC62_region	5380	185313	34.44	0	99
BdenJEL423_SC63	5288	90779	17.17	0	68
BdenJEL423_SC63_region	5288	90779	17.17	0	68
BdenJEL423_SC64	5189	234718	45.23	0	88
BdenJEL423_SC64_region	5189	234718	45.23	0	88
BdenJEL423_SC65	5077	1689618	332.80	0	1262
BdenJEL423_SC65_region	5077	1689618	332.80	0	1262
BdenJEL423_SC66	4922	153117	31.11	0	78
BdenJEL423_SC66_region	4922	153117	31.11	0	78
BdenJEL423_SC67	4755	84898	17.85	0	58
BdenJEL423_SC67_region	4755	84898	17.85	0	58
BdenJEL423_SC68	4529	2386895	527.02	0	1530
BdenJEL423_SC68_region	4529	2386895	527.02	0	1530
BdenJEL423_SC69	2608	712840	273.33	0	594
BdenJEL423_SC69_region	2608	712840	273.33	0	594
BdenJEL423_mito	175284	85374315	487.06	0	773
BdenJEL423_mito_region	175284	85374315	487.06	0	773
total	23897668	1281484954	53.62	0	2829
total_region	23897668	1281484954	53.62	0	2829
