chrom	length	bases	mean	min	max
BdenJEL423_SC01	4440149	351025528	79.06	0	496
BdenJEL423_SC01_region	4440149	351025528	79.06	0	496
BdenJEL423_SC02	2313122	200562676	86.71	0	3018
BdenJEL423_SC02_region	2313122	200562676	86.71	0	3018
BdenJEL423_SC03	1829408	182841824	99.95	0	2559
BdenJEL423_SC03_region	1829408	182841824	99.95	0	2559
BdenJEL423_SC04	1803316	144620113	80.20	0	357
BdenJEL423_SC04_region	1803316	144620113	80.20	0	357
BdenJEL423_SC05	1707251	138619639	81.19	0	2050
BdenJEL423_SC05_region	1707251	138619639	81.19	0	2050
BdenJEL423_SC06	1545501	128311060	83.02	0	2207
BdenJEL423_SC06_region	1545501	128311060	83.02	0	2207
BdenJEL423_SC07	1398854	112700088	80.57	0	901
BdenJEL423_SC07_region	1398854	112700088	80.57	0	901
BdenJEL423_SC08	1069847	88670004	82.88	0	2031
BdenJEL423_SC08_region	1069847	88670004	82.88	0	2031
BdenJEL423_SC09	1057463	82595493	78.11	0	385
BdenJEL423_SC09_region	1057463	82595493	78.11	0	385
BdenJEL423_SC10	1012305	92767726	91.64	0	732
BdenJEL423_SC10_region	1012305	92767726	91.64	0	732
BdenJEL423_SC11	979369	77303042	78.93	0	487
BdenJEL423_SC11_region	979369	77303042	78.93	0	487
BdenJEL423_SC12	937107	73325975	78.25	0	361
BdenJEL423_SC12_region	937107	73325975	78.25	0	361
BdenJEL423_SC13	898261	78565577	87.46	0	2094
BdenJEL423_SC13_region	898261	78565577	87.46	0	2094
BdenJEL423_SC14	857155	160934714	187.75	0	10416
BdenJEL423_SC14_region	857155	160934714	187.75	0	10416
BdenJEL423_SC15	557602	45471840	81.55	0	1045
BdenJEL423_SC15_region	557602	45471840	81.55	0	1045
BdenJEL423_SC16	498254	35403628	71.06	0	434
BdenJEL423_SC16_region	498254	35403628	71.06	0	434
BdenJEL423_SC17	243426	19567155	80.38	0	258
BdenJEL423_SC17_region	243426	19567155	80.38	0	258
BdenJEL423_SC18	48566	6184989	127.35	0	2408
BdenJEL423_SC18_region	48566	6184989	127.35	0	2408
BdenJEL423_SC19	69118	3285257	47.53	0	146
BdenJEL423_SC19_region	69118	3285257	47.53	0	146
BdenJEL423_SC20	45066	4032470	89.48	0	275
BdenJEL423_SC20_region	45066	4032470	89.48	0	275
BdenJEL423_SC21	28371	3274681	115.42	1	194
BdenJEL423_SC21_region	28371	3274681	115.42	1	194
BdenJEL423_SC22	17531	923557	52.68	0	174
BdenJEL423_SC22_region	17531	923557	52.68	0	174
BdenJEL423_SC23	15724	3671215	233.48	0	1508
BdenJEL423_SC23_region	15724	3671215	233.48	0	1508
BdenJEL423_SC24	15635	1010976	64.66	0	181
BdenJEL423_SC24_region	15635	1010976	64.66	0	181
BdenJEL423_SC25	13302	848026	63.75	0	175
BdenJEL423_SC25_region	13302	848026	63.75	0	175
BdenJEL423_SC26	12287	779884	63.47	0	187
BdenJEL423_SC26_region	12287	779884	63.47	0	187
BdenJEL423_SC27	11745	3275604	278.89	0	2337
BdenJEL423_SC27_region	11745	3275604	278.89	0	2337
BdenJEL423_SC28	11715	833604	71.16	0	184
BdenJEL423_SC28_region	11715	833604	71.16	0	184
BdenJEL423_SC29	10519	556169	52.87	0	142
BdenJEL423_SC29_region	10519	556169	52.87	0	142
BdenJEL423_SC30	9825	356904	36.33	0	115
BdenJEL423_SC30_region	9825	356904	36.33	0	115
BdenJEL423_SC31	9499	760176	80.03	0	168
BdenJEL423_SC31_region	9499	760176	80.03	0	168
BdenJEL423_SC32	9394	1207650	128.56	0	384
BdenJEL423_SC32_region	9394	1207650	128.56	0	384
BdenJEL423_SC33	8891	584946	65.79	0	104
BdenJEL423_SC33_region	8891	584946	65.79	0	104
BdenJEL423_SC34	8868	482521	54.41	0	136
BdenJEL423_SC34_region	8868	482521	54.41	0	136
BdenJEL423_SC35	14477	7307525	504.77	0	5542
BdenJEL423_SC35_region	14477	7307525	504.77	0	5542
BdenJEL423_SC36	8411	518462	61.64	0	168
BdenJEL423_SC36_region	8411	518462	61.64	0	168
BdenJEL423_SC37	8246	425669	51.62	0	121
BdenJEL423_SC37_region	8246	425669	51.62	0	121
BdenJEL423_SC38	7919	552004	69.71	0	114
BdenJEL423_SC38_region	7919	552004	69.71	0	114
BdenJEL423_SC39	7486	518785	69.30	0	442
BdenJEL423_SC39_region	7486	518785	69.30	0	442
BdenJEL423_SC40	7373	365895	49.63	0	90
BdenJEL423_SC40_region	7373	365895	49.63	0	90
BdenJEL423_SC41	7250	6577187	907.20	4	1258
BdenJEL423_SC41_region	7250	6577187	907.20	4	1258
BdenJEL423_SC42	7213	487479	67.58	0	149
BdenJEL423_SC42_region	7213	487479	67.58	0	149
BdenJEL423_SC43	7203	305697	42.44	0	136
BdenJEL423_SC43_region	7203	305697	42.44	0	136
BdenJEL423_SC44	7151	325749	45.55	0	120
BdenJEL423_SC44_region	7151	325749	45.55	0	120
BdenJEL423_SC45	7120	485473	68.18	0	129
BdenJEL423_SC45_region	7120	485473	68.18	0	129
BdenJEL423_SC46	7014	443712	63.26	0	126
BdenJEL423_SC46_region	7014	443712	63.26	0	126
BdenJEL423_SC47	6856	2170930	316.65	0	2490
BdenJEL423_SC47_region	6856	2170930	316.65	0	2490
BdenJEL423_SC48	6834	562492	82.31	0	180
BdenJEL423_SC48_region	6834	562492	82.31	0	180
BdenJEL423_SC49	6519	1057609	162.23	0	946
BdenJEL423_SC49_region	6519	1057609	162.23	0	946
BdenJEL423_SC50	6174	458560	74.27	0	141
BdenJEL423_SC50_region	6174	458560	74.27	0	141
BdenJEL423_SC51	6095	3201355	525.24	0	3585
BdenJEL423_SC51_region	6095	3201355	525.24	0	3585
BdenJEL423_SC52	6071	253188	41.70	0	83
BdenJEL423_SC52_region	6071	253188	41.70	0	83
BdenJEL423_SC53	6016	620213	103.09	0	587
BdenJEL423_SC53_region	6016	620213	103.09	0	587
BdenJEL423_SC54	5992	5394531	900.29	0	5217
BdenJEL423_SC54_region	5992	5394531	900.29	0	5217
BdenJEL423_SC55	5977	265690	44.45	0	107
BdenJEL423_SC55_region	5977	265690	44.45	0	107
BdenJEL423_SC56	5808	420171	72.34	0	280
BdenJEL423_SC56_region	5808	420171	72.34	0	280
BdenJEL423_SC57	5752	3405758	592.10	0	3615
BdenJEL423_SC57_region	5752	3405758	592.10	0	3615
BdenJEL423_SC58	8484	6106296	719.74	0	5486
BdenJEL423_SC58_region	8484	6106296	719.74	0	5486
BdenJEL423_SC59	5694	634031	111.35	1	284
BdenJEL423_SC59_region	5694	634031	111.35	1	284
BdenJEL423_SC60	5543	367207	66.25	2	164
BdenJEL423_SC60_region	5543	367207	66.25	2	164
BdenJEL423_SC61	5512	332027	60.24	1	123
BdenJEL423_SC61_region	5512	332027	60.24	1	123
BdenJEL423_SC62	5380	402195	74.76	0	226
BdenJEL423_SC62_region	5380	402195	74.76	0	226
BdenJEL423_SC63	5288	131936	24.95	0	88
BdenJEL423_SC63_region	5288	131936	24.95	0	88
BdenJEL423_SC64	5189	376768	72.61	0	133
BdenJEL423_SC64_region	5189	376768	72.61	0	133
BdenJEL423_SC65	5077	3130283	616.56	0	2181
BdenJEL423_SC65_region	5077	3130283	616.56	0	2181
BdenJEL423_SC66	4922	290266	58.97	3	154
BdenJEL423_SC66_region	4922	290266	58.97	3	154
BdenJEL423_SC67	4755	264692	55.67	0	148
BdenJEL423_SC67_region	4755	264692	55.67	0	148
BdenJEL423_SC68	4529	519524	114.71	1	487
BdenJEL423_SC68_region	4529	519524	114.71	1	487
BdenJEL423_SC69	2608	1991619	763.66	0	1789
BdenJEL423_SC69_region	2608	1991619	763.66	0	1789
BdenJEL423_mito	175284	144341783	823.47	0	1269
BdenJEL423_mito_region	175284	144341783	823.47	0	1269
total	23897668	2240367472	93.75	0	10416
total_region	23897668	2240367472	93.75	0	10416
