chrom	length	bases	mean	min	max
BdenJEL423_SC01	4440149	284812600	64.14	0	444
BdenJEL423_SC01_region	4440149	284812600	64.14	0	444
BdenJEL423_SC02	2313122	157551596	68.11	0	1764
BdenJEL423_SC02_region	2313122	157551596	68.11	0	1764
BdenJEL423_SC03	1829408	124677691	68.15	0	1390
BdenJEL423_SC03_region	1829408	124677691	68.15	0	1390
BdenJEL423_SC04	1803316	114670662	63.59	0	357
BdenJEL423_SC04_region	1803316	114670662	63.59	0	357
BdenJEL423_SC05	1707251	107806033	63.15	0	944
BdenJEL423_SC05_region	1707251	107806033	63.15	0	944
BdenJEL423_SC06	1545501	102833793	66.54	0	1480
BdenJEL423_SC06_region	1545501	102833793	66.54	0	1480
BdenJEL423_SC07	1398854	98260839	70.24	0	751
BdenJEL423_SC07_region	1398854	98260839	70.24	0	751
BdenJEL423_SC08	1069847	71361150	66.70	0	1902
BdenJEL423_SC08_region	1069847	71361150	66.70	0	1902
BdenJEL423_SC09	1057463	66623520	63.00	0	272
BdenJEL423_SC09_region	1057463	66623520	63.00	0	272
BdenJEL423_SC10	1012305	64451055	63.67	0	353
BdenJEL423_SC10_region	1012305	64451055	63.67	0	353
BdenJEL423_SC11	979369	62923472	64.25	0	773
BdenJEL423_SC11_region	979369	62923472	64.25	0	773
BdenJEL423_SC12	937107	59252828	63.23	0	418
BdenJEL423_SC12_region	937107	59252828	63.23	0	418
BdenJEL423_SC13	898261	63214144	70.37	0	1491
BdenJEL423_SC13_region	898261	63214144	70.37	0	1491
BdenJEL423_SC14	857155	131863971	153.84	0	2958
BdenJEL423_SC14_region	857155	131863971	153.84	0	2958
BdenJEL423_SC15	557602	37060113	66.46	0	497
BdenJEL423_SC15_region	557602	37060113	66.46	0	497
BdenJEL423_SC16	498254	31765274	63.75	0	314
BdenJEL423_SC16_region	498254	31765274	63.75	0	314
BdenJEL423_SC17	243426	11220210	46.09	0	229
BdenJEL423_SC17_region	243426	11220210	46.09	0	229
BdenJEL423_SC18	48566	4233607	87.17	0	855
BdenJEL423_SC18_region	48566	4233607	87.17	0	855
BdenJEL423_SC19	69118	2624465	37.97	0	143
BdenJEL423_SC19_region	69118	2624465	37.97	0	143
BdenJEL423_SC20	45066	1974272	43.81	0	255
BdenJEL423_SC20_region	45066	1974272	43.81	0	255
BdenJEL423_SC21	28371	1745328	61.52	1	112
BdenJEL423_SC21_region	28371	1745328	61.52	1	112
BdenJEL423_SC22	17531	704656	40.19	0	99
BdenJEL423_SC22_region	17531	704656	40.19	0	99
BdenJEL423_SC23	15724	2504603	159.29	0	1082
BdenJEL423_SC23_region	15724	2504603	159.29	0	1082
BdenJEL423_SC24	15635	782494	50.05	0	144
BdenJEL423_SC24_region	15635	782494	50.05	0	144
BdenJEL423_SC25	13302	1048176	78.80	0	428
BdenJEL423_SC25_region	13302	1048176	78.80	0	428
BdenJEL423_SC26	12287	878749	71.52	0	257
BdenJEL423_SC26_region	12287	878749	71.52	0	257
BdenJEL423_SC27	11745	1414762	120.46	0	640
BdenJEL423_SC27_region	11745	1414762	120.46	0	640
BdenJEL423_SC28	11715	701803	59.91	0	150
BdenJEL423_SC28_region	11715	701803	59.91	0	150
BdenJEL423_SC29	10519	402515	38.27	0	96
BdenJEL423_SC29_region	10519	402515	38.27	0	96
BdenJEL423_SC30	9825	461662	46.99	0	106
BdenJEL423_SC30_region	9825	461662	46.99	0	106
BdenJEL423_SC31	9499	546014	57.48	0	154
BdenJEL423_SC31_region	9499	546014	57.48	0	154
BdenJEL423_SC32	9394	1074555	114.39	0	398
BdenJEL423_SC32_region	9394	1074555	114.39	0	398
BdenJEL423_SC33	8891	451459	50.78	0	112
BdenJEL423_SC33_region	8891	451459	50.78	0	112
BdenJEL423_SC34	8868	594854	67.08	0	162
BdenJEL423_SC34_region	8868	594854	67.08	0	162
BdenJEL423_SC35	14477	3237680	223.64	0	1119
BdenJEL423_SC35_region	14477	3237680	223.64	0	1119
BdenJEL423_SC36	8411	407713	48.47	0	125
BdenJEL423_SC36_region	8411	407713	48.47	0	125
BdenJEL423_SC37	8246	353185	42.83	0	133
BdenJEL423_SC37_region	8246	353185	42.83	0	133
BdenJEL423_SC38	7919	458406	57.89	0	92
BdenJEL423_SC38_region	7919	458406	57.89	0	92
BdenJEL423_SC39	7486	543264	72.57	0	194
BdenJEL423_SC39_region	7486	543264	72.57	0	194
BdenJEL423_SC40	7373	355138	48.17	0	99
BdenJEL423_SC40_region	7373	355138	48.17	0	99
BdenJEL423_SC41	7250	3626619	500.22	0	921
BdenJEL423_SC41_region	7250	3626619	500.22	0	921
BdenJEL423_SC42	7213	370452	51.36	0	118
BdenJEL423_SC42_region	7213	370452	51.36	0	118
BdenJEL423_SC43	7203	304602	42.29	0	96
BdenJEL423_SC43_region	7203	304602	42.29	0	96
BdenJEL423_SC44	7151	242405	33.90	0	110
BdenJEL423_SC44_region	7151	242405	33.90	0	110
BdenJEL423_SC45	7120	405672	56.98	0	111
BdenJEL423_SC45_region	7120	405672	56.98	0	111
BdenJEL423_SC46	7014	383548	54.68	0	138
BdenJEL423_SC46_region	7014	383548	54.68	0	138
BdenJEL423_SC47	6856	1496965	218.34	0	723
BdenJEL423_SC47_region	6856	1496965	218.34	0	723
BdenJEL423_SC48	6834	424407	62.10	0	106
BdenJEL423_SC48_region	6834	424407	62.10	0	106
BdenJEL423_SC49	6519	1552677	238.18	0	856
BdenJEL423_SC49_region	6519	1552677	238.18	0	856
BdenJEL423_SC50	6174	399393	64.69	0	115
BdenJEL423_SC50_region	6174	399393	64.69	0	115
BdenJEL423_SC51	6095	2094639	343.67	0	1771
BdenJEL423_SC51_region	6095	2094639	343.67	0	1771
BdenJEL423_SC52	6071	235204	38.74	4	90
BdenJEL423_SC52_region	6071	235204	38.74	4	90
BdenJEL423_SC53	6016	2298231	382.02	0	1712
BdenJEL423_SC53_region	6016	2298231	382.02	0	1712
BdenJEL423_SC54	5992	2951483	492.57	0	1639
BdenJEL423_SC54_region	5992	2951483	492.57	0	1639
BdenJEL423_SC55	5977	156545	26.19	0	72
BdenJEL423_SC55_region	5977	156545	26.19	0	72
BdenJEL423_SC56	5808	441572	76.03	0	174
BdenJEL423_SC56_region	5808	441572	76.03	0	174
BdenJEL423_SC57	5752	1294917	225.12	0	1030
BdenJEL423_SC57_region	5752	1294917	225.12	0	1030
BdenJEL423_SC58	8484	4440107	523.35	0	4095
BdenJEL423_SC58_region	8484	4440107	523.35	0	4095
BdenJEL423_SC59	5694	557719	97.95	0	239
BdenJEL423_SC59_region	5694	557719	97.95	0	239
BdenJEL423_SC60	5543	67571	12.19	0	64
BdenJEL423_SC60_region	5543	67571	12.19	0	64
BdenJEL423_SC61	5512	202167	36.68	0	180
BdenJEL423_SC61_region	5512	202167	36.68	0	180
BdenJEL423_SC62	5380	224489	41.73	0	132
BdenJEL423_SC62_region	5380	224489	41.73	0	132
BdenJEL423_SC63	5288	216537	40.95	0	119
BdenJEL423_SC63_region	5288	216537	40.95	0	119
BdenJEL423_SC64	5189	325054	62.64	1	124
BdenJEL423_SC64_region	5189	325054	62.64	1	124
BdenJEL423_SC65	5077	2146139	422.72	1	1193
BdenJEL423_SC65_region	5077	2146139	422.72	1	1193
BdenJEL423_SC66	4922	224031	45.52	0	176
BdenJEL423_SC66_region	4922	224031	45.52	0	176
BdenJEL423_SC67	4755	38986	8.20	0	33
BdenJEL423_SC67_region	4755	38986	8.20	0	33
BdenJEL423_SC68	4529	3930759	867.91	5	2004
BdenJEL423_SC68_region	4529	3930759	867.91	5	2004
BdenJEL423_SC69	2608	1711075	656.09	0	1595
BdenJEL423_SC69_region	2608	1711075	656.09	0	1595
BdenJEL423_mito	175284	113685520	648.58	0	1135
BdenJEL423_mito_region	175284	113685520	648.58	0	1135
total	23897668	1764297796	73.83	0	4095
total_region	23897668	1764297796	73.83	0	4095
