chrom	length	bases	mean	min	max
BdenJEL423_SC01	4440149	869240790	195.77	0	2543
BdenJEL423_SC01_region	4440149	869240790	195.77	0	2543
BdenJEL423_SC02	2313122	483597005	209.07	0	4888
BdenJEL423_SC02_region	2313122	483597005	209.07	0	4888
BdenJEL423_SC03	1829408	368584557	201.48	0	6260
BdenJEL423_SC03_region	1829408	368584557	201.48	0	6260
BdenJEL423_SC04	1803316	337696366	187.26	0	1433
BdenJEL423_SC04_region	1803316	337696366	187.26	0	1433
BdenJEL423_SC05	1707251	327539500	191.85	0	2417
BdenJEL423_SC05_region	1707251	327539500	191.85	0	2417
BdenJEL423_SC06	1545501	295675821	191.31	0	4560
BdenJEL423_SC06_region	1545501	295675821	191.31	0	4560
BdenJEL423_SC07	1398854	287801530	205.74	0	3320
BdenJEL423_SC07_region	1398854	287801530	205.74	0	3320
BdenJEL423_SC08	1069847	211163788	197.38	0	6837
BdenJEL423_SC08_region	1069847	211163788	197.38	0	6837
BdenJEL423_SC09	1057463	194172084	183.62	0	935
BdenJEL423_SC09_region	1057463	194172084	183.62	0	935
BdenJEL423_SC10	1012305	194511012	192.15	0	2953
BdenJEL423_SC10_region	1012305	194511012	192.15	0	2953
BdenJEL423_SC11	979369	186745525	190.68	0	2386
BdenJEL423_SC11_region	979369	186745525	190.68	0	2386
BdenJEL423_SC12	937107	167329274	178.56	0	1489
BdenJEL423_SC12_region	937107	167329274	178.56	0	1489
BdenJEL423_SC13	898261	181709153	202.29	0	5728
BdenJEL423_SC13_region	898261	181709153	202.29	0	5728
BdenJEL423_SC14	857155	391322290	456.54	0	14475
BdenJEL423_SC14_region	857155	391322290	456.54	0	14475
BdenJEL423_SC15	557602	108629155	194.81	0	2474
BdenJEL423_SC15_region	557602	108629155	194.81	0	2474
BdenJEL423_SC16	498254	93124326	186.90	0	1676
BdenJEL423_SC16_region	498254	93124326	186.90	0	1676
BdenJEL423_SC17	243426	33225197	136.49	0	872
BdenJEL423_SC17_region	243426	33225197	136.49	0	872
BdenJEL423_SC18	48566	14414984	296.81	0	7423
BdenJEL423_SC18_region	48566	14414984	296.81	0	7423
BdenJEL423_SC19	69118	6997502	101.24	0	409
BdenJEL423_SC19_region	69118	6997502	101.24	0	409
BdenJEL423_SC20	45066	6161678	136.73	0	799
BdenJEL423_SC20_region	45066	6161678	136.73	0	799
BdenJEL423_SC21	28371	4829760	170.24	3	348
BdenJEL423_SC21_region	28371	4829760	170.24	3	348
BdenJEL423_SC22	17531	2233451	127.40	0	365
BdenJEL423_SC22_region	17531	2233451	127.40	0	365
BdenJEL423_SC23	15724	8256058	525.06	0	3890
BdenJEL423_SC23_region	15724	8256058	525.06	0	3890
BdenJEL423_SC24	15635	2336701	149.45	0	445
BdenJEL423_SC24_region	15635	2336701	149.45	0	445
BdenJEL423_SC25	13302	2787637	209.57	0	1017
BdenJEL423_SC25_region	13302	2787637	209.57	0	1017
BdenJEL423_SC26	12287	2830774	230.39	1	956
BdenJEL423_SC26_region	12287	2830774	230.39	1	956
BdenJEL423_SC27	11745	4926461	419.45	0	2175
BdenJEL423_SC27_region	11745	4926461	419.45	0	2175
BdenJEL423_SC28	11715	2036231	173.81	0	404
BdenJEL423_SC28_region	11715	2036231	173.81	0	404
BdenJEL423_SC29	10519	1107151	105.25	0	328
BdenJEL423_SC29_region	10519	1107151	105.25	0	328
BdenJEL423_SC30	9825	1375774	140.03	0	498
BdenJEL423_SC30_region	9825	1375774	140.03	0	498
BdenJEL423_SC31	9499	1339484	141.01	0	408
BdenJEL423_SC31_region	9499	1339484	141.01	0	408
BdenJEL423_SC32	9394	3989479	424.68	0	2043
BdenJEL423_SC32_region	9394	3989479	424.68	0	2043
BdenJEL423_SC33	8891	1414023	159.04	1	402
BdenJEL423_SC33_region	8891	1414023	159.04	1	402
BdenJEL423_SC34	8868	1598200	180.22	0	573
BdenJEL423_SC34_region	8868	1598200	180.22	0	573
BdenJEL423_SC35	14477	9346044	645.58	0	3273
BdenJEL423_SC35_region	14477	9346044	645.58	0	3273
BdenJEL423_SC36	8411	1343180	159.69	1	603
BdenJEL423_SC36_region	8411	1343180	159.69	1	603
BdenJEL423_SC37	8246	977651	118.56	0	368
BdenJEL423_SC37_region	8246	977651	118.56	0	368
BdenJEL423_SC38	7919	1547746	195.45	0	377
BdenJEL423_SC38_region	7919	1547746	195.45	0	377
BdenJEL423_SC39	7486	2623540	350.46	0	1973
BdenJEL423_SC39_region	7486	2623540	350.46	0	1973
BdenJEL423_SC40	7373	1434990	194.63	1	600
BdenJEL423_SC40_region	7373	1434990	194.63	1	600
BdenJEL423_SC41	7250	5610198	773.82	0	2431
BdenJEL423_SC41_region	7250	5610198	773.82	0	2431
BdenJEL423_SC42	7213	1181136	163.75	0	753
BdenJEL423_SC42_region	7213	1181136	163.75	0	753
BdenJEL423_SC43	7203	916372	127.22	0	331
BdenJEL423_SC43_region	7203	916372	127.22	0	331
BdenJEL423_SC44	7151	668558	93.49	0	314
BdenJEL423_SC44_region	7151	668558	93.49	0	314
BdenJEL423_SC45	7120	1171416	164.52	0	365
BdenJEL423_SC45_region	7120	1171416	164.52	0	365
BdenJEL423_SC46	7014	1037403	147.90	0	435
BdenJEL423_SC46_region	7014	1037403	147.90	0	435
BdenJEL423_SC47	6856	4480621	653.53	0	2132
BdenJEL423_SC47_region	6856	4480621	653.53	0	2132
BdenJEL423_SC48	6834	1395901	204.26	0	577
BdenJEL423_SC48_region	6834	1395901	204.26	0	577
BdenJEL423_SC49	6519	6066250	930.55	0	3792
BdenJEL423_SC49_region	6519	6066250	930.55	0	3792
BdenJEL423_SC50	6174	1026786	166.31	0	320
BdenJEL423_SC50_region	6174	1026786	166.31	0	320
BdenJEL423_SC51	6095	6911823	1134.02	0	5946
BdenJEL423_SC51_region	6095	6911823	1134.02	0	5946
BdenJEL423_SC52	6071	937890	154.49	8	348
BdenJEL423_SC52_region	6071	937890	154.49	8	348
BdenJEL423_SC53	6016	10568940	1756.81	0	4318
BdenJEL423_SC53_region	6016	10568940	1756.81	0	4318
BdenJEL423_SC54	5992	7547744	1259.64	0	4638
BdenJEL423_SC54_region	5992	7547744	1259.64	0	4638
BdenJEL423_SC55	5977	506343	84.72	0	315
BdenJEL423_SC55_region	5977	506343	84.72	0	315
BdenJEL423_SC56	5808	1284373	221.14	1	461
BdenJEL423_SC56_region	5808	1284373	221.14	1	461
BdenJEL423_SC57	5752	4453377	774.23	0	3935
BdenJEL423_SC57_region	5752	4453377	774.23	0	3935
BdenJEL423_SC58	8484	11706027	1379.78	0	8020
BdenJEL423_SC58_region	8484	11706027	1379.78	0	8020
BdenJEL423_SC59	5694	1365425	239.80	0	759
BdenJEL423_SC59_region	5694	1365425	239.80	0	759
BdenJEL423_SC60	5543	301114	54.32	0	271
BdenJEL423_SC60_region	5543	301114	54.32	0	271
BdenJEL423_SC61	5512	529630	96.09	0	440
BdenJEL423_SC61_region	5512	529630	96.09	0	440
BdenJEL423_SC62	5380	951742	176.90	0	526
BdenJEL423_SC62_region	5380	951742	176.90	0	526
BdenJEL423_SC63	5288	636605	120.39	2	402
BdenJEL423_SC63_region	5288	636605	120.39	2	402
BdenJEL423_SC64	5189	900024	173.45	0	367
BdenJEL423_SC64_region	5189	900024	173.45	0	367
BdenJEL423_SC65	5077	7210905	1420.31	9	4171
BdenJEL423_SC65_region	5077	7210905	1420.31	9	4171
BdenJEL423_SC66	4922	746178	151.60	1	528
BdenJEL423_SC66_region	4922	746178	151.60	1	528
BdenJEL423_SC67	4755	129618	27.26	0	120
BdenJEL423_SC67_region	4755	129618	27.26	0	120
BdenJEL423_SC68	4529	13212168	2917.24	12	6113
BdenJEL423_SC68_region	4529	13212168	2917.24	12	6113
BdenJEL423_SC69	2608	5702042	2186.37	0	8499
BdenJEL423_SC69_region	2608	5702042	2186.37	0	8499
BdenJEL423_mito	175284	177816118	1014.45	0	3410
BdenJEL423_mito_region	175284	177816118	1014.45	0	3410
total	23897668	5094948599	213.20	0	14475
total_region	23897668	5094948599	213.20	0	14475
