chrom	length	bases	mean	min	max
BdenJEL423_SC01	4440149	322617695	72.66	0	411
BdenJEL423_SC01_region	4440149	322617695	72.66	0	411
BdenJEL423_SC02	2313122	267609318	115.69	0	1128
BdenJEL423_SC02_region	2313122	267609318	115.69	0	1128
BdenJEL423_SC03	1829408	198385965	108.44	0	916
BdenJEL423_SC03_region	1829408	198385965	108.44	0	916
BdenJEL423_SC04	1803316	130536634	72.39	0	316
BdenJEL423_SC04_region	1803316	130536634	72.39	0	316
BdenJEL423_SC05	1707251	122558763	71.79	0	1139
BdenJEL423_SC05_region	1707251	122558763	71.79	0	1139
BdenJEL423_SC06	1545501	114082947	73.82	0	1185
BdenJEL423_SC06_region	1545501	114082947	73.82	0	1185
BdenJEL423_SC07	1398854	101886461	72.84	0	594
BdenJEL423_SC07_region	1398854	101886461	72.84	0	594
BdenJEL423_SC08	1069847	105733444	98.83	0	776
BdenJEL423_SC08_region	1069847	105733444	98.83	0	776
BdenJEL423_SC09	1057463	75453194	71.35	0	297
BdenJEL423_SC09_region	1057463	75453194	71.35	0	297
BdenJEL423_SC10	1012305	73452943	72.56	0	395
BdenJEL423_SC10_region	1012305	73452943	72.56	0	395
BdenJEL423_SC11	979369	71003460	72.50	0	637
BdenJEL423_SC11_region	979369	71003460	72.50	0	637
BdenJEL423_SC12	937107	67531165	72.06	0	323
BdenJEL423_SC12_region	937107	67531165	72.06	0	323
BdenJEL423_SC13	898261	69563570	77.44	0	1878
BdenJEL423_SC13_region	898261	69563570	77.44	0	1878
BdenJEL423_SC14	857155	90643547	105.75	0	3373
BdenJEL423_SC14_region	857155	90643547	105.75	0	3373
BdenJEL423_SC15	557602	40915909	73.38	0	278
BdenJEL423_SC15_region	557602	40915909	73.38	0	278
BdenJEL423_SC16	498254	35614807	71.48	0	324
BdenJEL423_SC16_region	498254	35614807	71.48	0	324
BdenJEL423_SC17	243426	17665139	72.57	0	221
BdenJEL423_SC17_region	243426	17665139	72.57	0	221
BdenJEL423_SC18	48566	3812974	78.51	0	564
BdenJEL423_SC18_region	48566	3812974	78.51	0	564
BdenJEL423_SC19	69118	4001299	57.89	0	235
BdenJEL423_SC19_region	69118	4001299	57.89	0	235
BdenJEL423_SC20	45066	4127533	91.59	0	284
BdenJEL423_SC20_region	45066	4127533	91.59	0	284
BdenJEL423_SC21	28371	1989673	70.13	1	121
BdenJEL423_SC21_region	28371	1989673	70.13	1	121
BdenJEL423_SC22	17531	979473	55.87	0	200
BdenJEL423_SC22_region	17531	979473	55.87	0	200
BdenJEL423_SC23	15724	2223568	141.41	0	871
BdenJEL423_SC23_region	15724	2223568	141.41	0	871
BdenJEL423_SC24	15635	1236026	79.06	0	249
BdenJEL423_SC24_region	15635	1236026	79.06	0	249
BdenJEL423_SC25	13302	902570	67.85	0	213
BdenJEL423_SC25_region	13302	902570	67.85	0	213
BdenJEL423_SC26	12287	790675	64.35	0	205
BdenJEL423_SC26_region	12287	790675	64.35	0	205
BdenJEL423_SC27	11745	1323332	112.67	0	328
BdenJEL423_SC27_region	11745	1323332	112.67	0	328
BdenJEL423_SC28	11715	751244	64.13	0	152
BdenJEL423_SC28_region	11715	751244	64.13	0	152
BdenJEL423_SC29	10519	569864	54.17	0	164
BdenJEL423_SC29_region	10519	569864	54.17	0	164
BdenJEL423_SC30	9825	337191	34.32	0	115
BdenJEL423_SC30_region	9825	337191	34.32	0	115
BdenJEL423_SC31	9499	706087	74.33	0	195
BdenJEL423_SC31_region	9499	706087	74.33	0	195
BdenJEL423_SC32	9394	962348	102.44	0	348
BdenJEL423_SC32_region	9394	962348	102.44	0	348
BdenJEL423_SC33	8891	506672	56.99	0	96
BdenJEL423_SC33_region	8891	506672	56.99	0	96
BdenJEL423_SC34	8868	435220	49.08	0	111
BdenJEL423_SC34_region	8868	435220	49.08	0	111
BdenJEL423_SC35	14477	1330498	91.90	0	1173
BdenJEL423_SC35_region	14477	1330498	91.90	0	1173
BdenJEL423_SC36	8411	852512	101.36	1	182
BdenJEL423_SC36_region	8411	852512	101.36	1	182
BdenJEL423_SC37	8246	371412	45.04	0	101
BdenJEL423_SC37_region	8246	371412	45.04	0	101
BdenJEL423_SC38	7919	531535	67.12	0	124
BdenJEL423_SC38_region	7919	531535	67.12	0	124
BdenJEL423_SC39	7486	355906	47.54	0	222
BdenJEL423_SC39_region	7486	355906	47.54	0	222
BdenJEL423_SC40	7373	611933	83.00	1	165
BdenJEL423_SC40_region	7373	611933	83.00	1	165
BdenJEL423_SC41	7250	6677117	920.98	1	1521
BdenJEL423_SC41_region	7250	6677117	920.98	1	1521
BdenJEL423_SC42	7213	476857	66.11	0	162
BdenJEL423_SC42_region	7213	476857	66.11	0	162
BdenJEL423_SC43	7203	361538	50.19	0	107
BdenJEL423_SC43_region	7203	361538	50.19	0	107
BdenJEL423_SC44	7151	438575	61.33	0	147
BdenJEL423_SC44_region	7151	438575	61.33	0	147
BdenJEL423_SC45	7120	421743	59.23	0	132
BdenJEL423_SC45_region	7120	421743	59.23	0	132
BdenJEL423_SC46	7014	383606	54.69	0	107
BdenJEL423_SC46_region	7014	383606	54.69	0	107
BdenJEL423_SC47	6856	956132	139.46	1	401
BdenJEL423_SC47_region	6856	956132	139.46	1	401
BdenJEL423_SC48	6834	768913	112.51	0	224
BdenJEL423_SC48_region	6834	768913	112.51	0	224
BdenJEL423_SC49	6519	685639	105.18	0	587
BdenJEL423_SC49_region	6519	685639	105.18	0	587
BdenJEL423_SC50	6174	394997	63.98	0	122
BdenJEL423_SC50_region	6174	394997	63.98	0	122
BdenJEL423_SC51	6095	853164	139.98	0	722
BdenJEL423_SC51_region	6095	853164	139.98	0	722
BdenJEL423_SC52	6071	105247	17.34	0	82
BdenJEL423_SC52_region	6071	105247	17.34	0	82
BdenJEL423_SC53	6016	1629307	270.83	0	825
BdenJEL423_SC53_region	6016	1629307	270.83	0	825
BdenJEL423_SC54	5992	1129036	188.42	0	805
BdenJEL423_SC54_region	5992	1129036	188.42	0	805
BdenJEL423_SC55	5977	275007	46.01	0	119
BdenJEL423_SC55_region	5977	275007	46.01	0	119
BdenJEL423_SC56	5808	420758	72.44	0	280
BdenJEL423_SC56_region	5808	420758	72.44	0	280
BdenJEL423_SC57	5752	575143	99.99	0	243
BdenJEL423_SC57_region	5752	575143	99.99	0	243
BdenJEL423_SC58	8484	5019801	591.68	0	4581
BdenJEL423_SC58_region	8484	5019801	591.68	0	4581
BdenJEL423_SC59	5694	599944	105.36	0	258
BdenJEL423_SC59_region	5694	599944	105.36	0	258
BdenJEL423_SC60	5543	351406	63.40	1	136
BdenJEL423_SC60_region	5543	351406	63.40	1	136
BdenJEL423_SC61	5512	338886	61.48	0	159
BdenJEL423_SC61_region	5512	338886	61.48	0	159
BdenJEL423_SC62	5380	271171	50.40	1	130
BdenJEL423_SC62_region	5380	271171	50.40	1	130
BdenJEL423_SC63	5288	213292	40.34	0	120
BdenJEL423_SC63_region	5288	213292	40.34	0	120
BdenJEL423_SC64	5189	327103	63.04	0	129
BdenJEL423_SC64_region	5189	327103	63.04	0	129
BdenJEL423_SC65	5077	2228419	438.92	3	1606
BdenJEL423_SC65_region	5077	2228419	438.92	3	1606
BdenJEL423_SC66	4922	284678	57.84	0	158
BdenJEL423_SC66_region	4922	284678	57.84	0	158
BdenJEL423_SC67	4755	221837	46.65	0	142
BdenJEL423_SC67_region	4755	221837	46.65	0	142
BdenJEL423_SC68	4529	1837079	405.63	4	926
BdenJEL423_SC68_region	4529	1837079	405.63	4	926
BdenJEL423_SC69	2608	479124	183.71	0	654
BdenJEL423_SC69_region	2608	479124	183.71	0	654
BdenJEL423_mito	175284	182663930	1042.10	0	1676
BdenJEL423_mito_region	175284	182663930	1042.10	0	1676
total	23897668	2146353955	89.81	0	4581
total_region	23897668	2146353955	89.81	0	4581
