chrom	length	bases	mean	min	max
BdenJEL423_SC01	4440149	201114197	45.29	0	248
BdenJEL423_SC01_region	4440149	201114197	45.29	0	248
BdenJEL423_SC02	2313122	117867728	50.96	0	1161
BdenJEL423_SC02_region	2313122	117867728	50.96	0	1161
BdenJEL423_SC03	1829408	86357258	47.21	0	960
BdenJEL423_SC03_region	1829408	86357258	47.21	0	960
BdenJEL423_SC04	1803316	81941404	45.44	0	185
BdenJEL423_SC04_region	1803316	81941404	45.44	0	185
BdenJEL423_SC05	1707251	77235523	45.24	0	746
BdenJEL423_SC05_region	1707251	77235523	45.24	0	746
BdenJEL423_SC06	1545501	73725527	47.70	0	2137
BdenJEL423_SC06_region	1545501	73725527	47.70	0	2137
BdenJEL423_SC07	1398854	67482581	48.24	0	408
BdenJEL423_SC07_region	1398854	67482581	48.24	0	408
BdenJEL423_SC08	1069847	48680980	45.50	0	963
BdenJEL423_SC08_region	1069847	48680980	45.50	0	963
BdenJEL423_SC09	1057463	47545710	44.96	0	221
BdenJEL423_SC09_region	1057463	47545710	44.96	0	221
BdenJEL423_SC10	1012305	45998058	45.44	0	193
BdenJEL423_SC10_region	1012305	45998058	45.44	0	193
BdenJEL423_SC11	979369	44704781	45.65	0	273
BdenJEL423_SC11_region	979369	44704781	45.65	0	273
BdenJEL423_SC12	937107	41515914	44.30	0	194
BdenJEL423_SC12_region	937107	41515914	44.30	0	194
BdenJEL423_SC13	898261	44305357	49.32	0	1097
BdenJEL423_SC13_region	898261	44305357	49.32	0	1097
BdenJEL423_SC14	857155	86043773	100.38	0	2332
BdenJEL423_SC14_region	857155	86043773	100.38	0	2332
BdenJEL423_SC15	557602	25930359	46.50	0	527
BdenJEL423_SC15_region	557602	25930359	46.50	0	527
BdenJEL423_SC16	498254	23123093	46.41	0	234
BdenJEL423_SC16_region	498254	23123093	46.41	0	234
BdenJEL423_SC17	243426	11124500	45.70	0	167
BdenJEL423_SC17_region	243426	11124500	45.70	0	167
BdenJEL423_SC18	48566	2448572	50.42	0	599
BdenJEL423_SC18_region	48566	2448572	50.42	0	599
BdenJEL423_SC19	69118	1819165	26.32	0	87
BdenJEL423_SC19_region	69118	1819165	26.32	0	87
BdenJEL423_SC20	45066	2516330	55.84	0	185
BdenJEL423_SC20_region	45066	2516330	55.84	0	185
BdenJEL423_SC21	28371	1243720	43.84	0	69
BdenJEL423_SC21_region	28371	1243720	43.84	0	69
BdenJEL423_SC22	17531	588960	33.60	0	128
BdenJEL423_SC22_region	17531	588960	33.60	0	128
BdenJEL423_SC23	15724	1344406	85.50	0	730
BdenJEL423_SC23_region	15724	1344406	85.50	0	730
BdenJEL423_SC24	15635	561881	35.94	0	117
BdenJEL423_SC24_region	15635	561881	35.94	0	117
BdenJEL423_SC25	13302	890259	66.93	0	261
BdenJEL423_SC25_region	13302	890259	66.93	0	261
BdenJEL423_SC26	12287	552233	44.94	0	221
BdenJEL423_SC26_region	12287	552233	44.94	0	221
BdenJEL423_SC27	11745	829268	70.61	0	329
BdenJEL423_SC27_region	11745	829268	70.61	0	329
BdenJEL423_SC28	11715	470113	40.13	0	123
BdenJEL423_SC28_region	11715	470113	40.13	0	123
BdenJEL423_SC29	10519	212744	20.22	0	86
BdenJEL423_SC29_region	10519	212744	20.22	0	86
BdenJEL423_SC30	9825	311415	31.70	0	99
BdenJEL423_SC30_region	9825	311415	31.70	0	99
BdenJEL423_SC31	9499	421921	44.42	0	97
BdenJEL423_SC31_region	9499	421921	44.42	0	97
BdenJEL423_SC32	9394	618665	65.86	0	237
BdenJEL423_SC32_region	9394	618665	65.86	0	237
BdenJEL423_SC33	8891	322004	36.22	0	69
BdenJEL423_SC33_region	8891	322004	36.22	0	69
BdenJEL423_SC34	8868	212671	23.98	0	116
BdenJEL423_SC34_region	8868	212671	23.98	0	116
BdenJEL423_SC35	14477	1860457	128.51	0	1843
BdenJEL423_SC35_region	14477	1860457	128.51	0	1843
BdenJEL423_SC36	8411	373605	44.42	0	99
BdenJEL423_SC36_region	8411	373605	44.42	0	99
BdenJEL423_SC37	8246	240982	29.22	0	64
BdenJEL423_SC37_region	8246	240982	29.22	0	64
BdenJEL423_SC38	7919	325386	41.09	0	73
BdenJEL423_SC38_region	7919	325386	41.09	0	73
BdenJEL423_SC39	7486	221361	29.57	0	186
BdenJEL423_SC39_region	7486	221361	29.57	0	186
BdenJEL423_SC40	7373	53412	7.24	0	32
BdenJEL423_SC40_region	7373	53412	7.24	0	32
BdenJEL423_SC41	7250	3043225	419.76	3	557
BdenJEL423_SC41_region	7250	3043225	419.76	3	557
BdenJEL423_SC42	7213	388287	53.83	0	117
BdenJEL423_SC42_region	7213	388287	53.83	0	117
BdenJEL423_SC43	7203	140557	19.51	0	64
BdenJEL423_SC43_region	7203	140557	19.51	0	64
BdenJEL423_SC44	7151	172844	24.17	0	100
BdenJEL423_SC44_region	7151	172844	24.17	0	100
BdenJEL423_SC45	7120	261762	36.76	0	82
BdenJEL423_SC45_region	7120	261762	36.76	0	82
BdenJEL423_SC46	7014	281010	40.06	0	87
BdenJEL423_SC46_region	7014	281010	40.06	0	87
BdenJEL423_SC47	6856	562530	82.05	0	235
BdenJEL423_SC47_region	6856	562530	82.05	0	235
BdenJEL423_SC48	6834	358582	52.47	0	104
BdenJEL423_SC48_region	6834	358582	52.47	0	104
BdenJEL423_SC49	6519	523753	80.34	0	683
BdenJEL423_SC49_region	6519	523753	80.34	0	683
BdenJEL423_SC50	6174	268192	43.44	0	102
BdenJEL423_SC50_region	6174	268192	43.44	0	102
BdenJEL423_SC51	6095	773440	126.90	0	1169
BdenJEL423_SC51_region	6095	773440	126.90	0	1169
BdenJEL423_SC52	6071	237439	39.11	1	84
BdenJEL423_SC52_region	6071	237439	39.11	1	84
BdenJEL423_SC53	6016	2479655	412.18	0	1358
BdenJEL423_SC53_region	6016	2479655	412.18	0	1358
BdenJEL423_SC54	5992	1156555	193.02	0	1418
BdenJEL423_SC54_region	5992	1156555	193.02	0	1418
BdenJEL423_SC55	5977	180931	30.27	0	66
BdenJEL423_SC55_region	5977	180931	30.27	0	66
BdenJEL423_SC56	5808	230319	39.66	0	135
BdenJEL423_SC56_region	5808	230319	39.66	0	135
BdenJEL423_SC57	5752	200675	34.89	0	104
BdenJEL423_SC57_region	5752	200675	34.89	0	104
BdenJEL423_SC58	8484	3002009	353.84	0	2566
BdenJEL423_SC58_region	8484	3002009	353.84	0	2566
BdenJEL423_SC59	5694	366427	64.35	0	154
BdenJEL423_SC59_region	5694	366427	64.35	0	154
BdenJEL423_SC60	5543	49996	9.02	0	55
BdenJEL423_SC60_region	5543	49996	9.02	0	55
BdenJEL423_SC61	5512	166347	30.18	0	57
BdenJEL423_SC61_region	5512	166347	30.18	0	57
BdenJEL423_SC62	5380	213879	39.75	0	121
BdenJEL423_SC62_region	5380	213879	39.75	0	121
BdenJEL423_SC63	5288	107662	20.36	0	47
BdenJEL423_SC63_region	5288	107662	20.36	0	47
BdenJEL423_SC64	5189	247523	47.70	0	107
BdenJEL423_SC64_region	5189	247523	47.70	0	107
BdenJEL423_SC65	5077	2317403	456.45	3	2325
BdenJEL423_SC65_region	5077	2317403	456.45	3	2325
BdenJEL423_SC66	4922	104402	21.21	0	71
BdenJEL423_SC66_region	4922	104402	21.21	0	71
BdenJEL423_SC67	4755	32683	6.87	0	31
BdenJEL423_SC67_region	4755	32683	6.87	0	31
BdenJEL423_SC68	4529	3241597	715.74	2	1793
BdenJEL423_SC68_region	4529	3241597	715.74	2	1793
BdenJEL423_SC69	2608	1220836	468.11	0	1543
BdenJEL423_SC69_region	2608	1220836	468.11	0	1543
BdenJEL423_mito	175284	73338164	418.40	0	628
BdenJEL423_mito_region	175284	73338164	418.40	0	628
total	23897668	1238804957	51.84	0	2566
total_region	23897668	1238804957	51.84	0	2566
