chrom	length	bases	mean	min	max
BdenJEL423_SC01	4440149	389811057	87.79	0	821
BdenJEL423_SC01_region	4440149	389811057	87.79	0	821
BdenJEL423_SC02	2313122	304330745	131.57	0	1852
BdenJEL423_SC02_region	2313122	304330745	131.57	0	1852
BdenJEL423_SC03	1829408	222134533	121.42	0	1830
BdenJEL423_SC03_region	1829408	222134533	121.42	0	1830
BdenJEL423_SC04	1803316	160348602	88.92	0	641
BdenJEL423_SC04_region	1803316	160348602	88.92	0	641
BdenJEL423_SC05	1707251	154552780	90.53	0	1657
BdenJEL423_SC05_region	1707251	154552780	90.53	0	1657
BdenJEL423_SC06	1545501	136176249	88.11	0	2300
BdenJEL423_SC06_region	1545501	136176249	88.11	0	2300
BdenJEL423_SC07	1398854	124918735	89.30	0	3210
BdenJEL423_SC07_region	1398854	124918735	89.30	0	3210
BdenJEL423_SC08	1069847	96248437	89.96	0	2992
BdenJEL423_SC08_region	1069847	96248437	89.96	0	2992
BdenJEL423_SC09	1057463	92303872	87.29	0	422
BdenJEL423_SC09_region	1057463	92303872	87.29	0	422
BdenJEL423_SC10	1012305	89331313	88.25	0	1287
BdenJEL423_SC10_region	1012305	89331313	88.25	0	1287
BdenJEL423_SC11	979369	84929604	86.72	0	855
BdenJEL423_SC11_region	979369	84929604	86.72	0	855
BdenJEL423_SC12	937107	101671112	108.49	0	692
BdenJEL423_SC12_region	937107	101671112	108.49	0	692
BdenJEL423_SC13	898261	84243901	93.79	0	3531
BdenJEL423_SC13_region	898261	84243901	93.79	0	3531
BdenJEL423_SC14	857155	142924462	166.74	0	4860
BdenJEL423_SC14_region	857155	142924462	166.74	0	4860
BdenJEL423_SC15	557602	50529950	90.62	0	972
BdenJEL423_SC15_region	557602	50529950	90.62	0	972
BdenJEL423_SC16	498254	40951837	82.19	0	910
BdenJEL423_SC16_region	498254	40951837	82.19	0	910
BdenJEL423_SC17	243426	20914820	85.92	0	394
BdenJEL423_SC17_region	243426	20914820	85.92	0	394
BdenJEL423_SC18	48566	5332043	109.79	0	1941
BdenJEL423_SC18_region	48566	5332043	109.79	0	1941
BdenJEL423_SC19	69118	3144843	45.50	0	313
BdenJEL423_SC19_region	69118	3144843	45.50	0	313
BdenJEL423_SC20	45066	4345433	96.42	0	575
BdenJEL423_SC20_region	45066	4345433	96.42	0	575
BdenJEL423_SC21	28371	2223583	78.38	0	220
BdenJEL423_SC21_region	28371	2223583	78.38	0	220
BdenJEL423_SC22	17531	1431365	81.65	0	309
BdenJEL423_SC22_region	17531	1431365	81.65	0	309
BdenJEL423_SC23	15724	3555301	226.11	0	1849
BdenJEL423_SC23_region	15724	3555301	226.11	0	1849
BdenJEL423_SC24	15635	1410333	90.20	0	407
BdenJEL423_SC24_region	15635	1410333	90.20	0	407
BdenJEL423_SC25	13302	869931	65.40	0	268
BdenJEL423_SC25_region	13302	869931	65.40	0	268
BdenJEL423_SC26	12287	1246997	101.49	2	390
BdenJEL423_SC26_region	12287	1246997	101.49	2	390
BdenJEL423_SC27	11745	2458078	209.29	0	3039
BdenJEL423_SC27_region	11745	2458078	209.29	0	3039
BdenJEL423_SC28	11715	915965	78.19	0	225
BdenJEL423_SC28_region	11715	915965	78.19	0	225
BdenJEL423_SC29	10519	529582	50.35	0	181
BdenJEL423_SC29_region	10519	529582	50.35	0	181
BdenJEL423_SC30	9825	612325	62.32	0	250
BdenJEL423_SC30_region	9825	612325	62.32	0	250
BdenJEL423_SC31	9499	548580	57.75	0	208
BdenJEL423_SC31_region	9499	548580	57.75	0	208
BdenJEL423_SC32	9394	1761915	187.56	0	2852
BdenJEL423_SC32_region	9394	1761915	187.56	0	2852
BdenJEL423_SC33	8891	720658	81.05	0	181
BdenJEL423_SC33_region	8891	720658	81.05	0	181
BdenJEL423_SC34	8868	525035	59.21	0	260
BdenJEL423_SC34_region	8868	525035	59.21	0	260
BdenJEL423_SC35	14477	3599343	248.62	0	2242
BdenJEL423_SC35_region	14477	3599343	248.62	0	2242
BdenJEL423_SC36	8411	880489	104.68	0	441
BdenJEL423_SC36_region	8411	880489	104.68	0	441
BdenJEL423_SC37	8246	410025	49.72	0	277
BdenJEL423_SC37_region	8246	410025	49.72	0	277
BdenJEL423_SC38	7919	784972	99.13	0	274
BdenJEL423_SC38_region	7919	784972	99.13	0	274
BdenJEL423_SC39	7486	1931893	258.07	0	2331
BdenJEL423_SC39_region	7486	1931893	258.07	0	2331
BdenJEL423_SC40	7373	393038	53.31	1	123
BdenJEL423_SC40_region	7373	393038	53.31	1	123
BdenJEL423_SC41	7250	4343036	599.04	0	1139
BdenJEL423_SC41_region	7250	4343036	599.04	0	1139
BdenJEL423_SC42	7213	538483	74.65	0	546
BdenJEL423_SC42_region	7213	538483	74.65	0	546
BdenJEL423_SC43	7203	445659	61.87	0	238
BdenJEL423_SC43_region	7203	445659	61.87	0	238
BdenJEL423_SC44	7151	384789	53.81	0	201
BdenJEL423_SC44_region	7151	384789	53.81	0	201
BdenJEL423_SC45	7120	430893	60.52	0	166
BdenJEL423_SC45_region	7120	430893	60.52	0	166
BdenJEL423_SC46	7014	387178	55.20	0	239
BdenJEL423_SC46_region	7014	387178	55.20	0	239
BdenJEL423_SC47	6856	1459791	212.92	0	739
BdenJEL423_SC47_region	6856	1459791	212.92	0	739
BdenJEL423_SC48	6834	799331	116.96	0	412
BdenJEL423_SC48_region	6834	799331	116.96	0	412
BdenJEL423_SC49	6519	3646730	559.40	0	3265
BdenJEL423_SC49_region	6519	3646730	559.40	0	3265
BdenJEL423_SC50	6174	427847	69.30	0	180
BdenJEL423_SC50_region	6174	427847	69.30	0	180
BdenJEL423_SC51	6095	3637440	596.79	0	2678
BdenJEL423_SC51_region	6095	3637440	596.79	0	2678
BdenJEL423_SC52	6071	446041	73.47	3	238
BdenJEL423_SC52_region	6071	446041	73.47	3	238
BdenJEL423_SC53	6016	2739966	455.45	0	1225
BdenJEL423_SC53_region	6016	2739966	455.45	0	1225
BdenJEL423_SC54	5992	3348692	558.86	0	2304
BdenJEL423_SC54_region	5992	3348692	558.86	0	2304
BdenJEL423_SC55	5977	185084	30.97	0	146
BdenJEL423_SC55_region	5977	185084	30.97	0	146
BdenJEL423_SC56	5808	429436	73.94	0	291
BdenJEL423_SC56_region	5808	429436	73.94	0	291
BdenJEL423_SC57	5752	2862192	497.60	0	3486
BdenJEL423_SC57_region	5752	2862192	497.60	0	3486
BdenJEL423_SC58	8484	5518977	650.52	0	4331
BdenJEL423_SC58_region	8484	5518977	650.52	0	4331
BdenJEL423_SC59	5694	638903	112.21	0	425
BdenJEL423_SC59_region	5694	638903	112.21	0	425
BdenJEL423_SC60	5543	354856	64.02	0	299
BdenJEL423_SC60_region	5543	354856	64.02	0	299
BdenJEL423_SC61	5512	251285	45.59	0	177
BdenJEL423_SC61_region	5512	251285	45.59	0	177
BdenJEL423_SC62	5380	572799	106.47	2	264
BdenJEL423_SC62_region	5380	572799	106.47	2	264
BdenJEL423_SC63	5288	312483	59.09	0	251
BdenJEL423_SC63_region	5288	312483	59.09	0	251
BdenJEL423_SC64	5189	398251	76.75	0	214
BdenJEL423_SC64_region	5189	398251	76.75	0	214
BdenJEL423_SC65	5077	3627507	714.50	2	2946
BdenJEL423_SC65_region	5077	3627507	714.50	2	2946
BdenJEL423_SC66	4922	357889	72.71	1	150
BdenJEL423_SC66_region	4922	357889	72.71	1	150
BdenJEL423_SC67	4755	501384	105.44	0	410
BdenJEL423_SC67_region	4755	501384	105.44	0	410
BdenJEL423_SC68	4529	2204178	486.68	2	1635
BdenJEL423_SC68_region	4529	2204178	486.68	2	1635
BdenJEL423_SC69	2608	1464034	561.36	0	2921
BdenJEL423_SC69_region	2608	1464034	561.36	0	2921
BdenJEL423_mito	175284	79180581	451.73	0	966
BdenJEL423_mito_region	175284	79180581	451.73	0	966
total	23897668	2457849451	102.85	0	4860
total_region	23897668	2457849451	102.85	0	4860
