chrom	length	bases	mean	min	max
BdenJEL423_SC01	4440149	479019117	107.88	0	3117
BdenJEL423_SC01_region	4440149	479019117	107.88	0	3117
BdenJEL423_SC02	2313122	351866115	152.12	0	6037
BdenJEL423_SC02_region	2313122	351866115	152.12	0	6037
BdenJEL423_SC03	1829408	264948002	144.83	0	3748
BdenJEL423_SC03_region	1829408	264948002	144.83	0	3748
BdenJEL423_SC04	1803316	194067491	107.62	0	946
BdenJEL423_SC04_region	1803316	194067491	107.62	0	946
BdenJEL423_SC05	1707251	249897291	146.37	0	3391
BdenJEL423_SC05_region	1707251	249897291	146.37	0	3391
BdenJEL423_SC06	1545501	172831221	111.83	0	5223
BdenJEL423_SC06_region	1545501	172831221	111.83	0	5223
BdenJEL423_SC07	1398854	156002372	111.52	0	3439
BdenJEL423_SC07_region	1398854	156002372	111.52	0	3439
BdenJEL423_SC08	1069847	154418217	144.34	0	4286
BdenJEL423_SC08_region	1069847	154418217	144.34	0	4286
BdenJEL423_SC09	1057463	110058550	104.08	0	768
BdenJEL423_SC09_region	1057463	110058550	104.08	0	768
BdenJEL423_SC10	1012305	148608897	146.80	0	2075
BdenJEL423_SC10_region	1012305	148608897	146.80	0	2075
BdenJEL423_SC11	979369	106330998	108.57	0	779
BdenJEL423_SC11_region	979369	106330998	108.57	0	779
BdenJEL423_SC12	937107	96057966	102.50	0	1258
BdenJEL423_SC12_region	937107	96057966	102.50	0	1258
BdenJEL423_SC13	898261	118877850	132.34	0	11255
BdenJEL423_SC13_region	898261	118877850	132.34	0	11255
BdenJEL423_SC14	857155	166626229	194.39	0	4648
BdenJEL423_SC14_region	857155	166626229	194.39	0	4648
BdenJEL423_SC15	557602	62916792	112.83	0	1265
BdenJEL423_SC15_region	557602	62916792	112.83	0	1265
BdenJEL423_SC16	498254	54305988	108.99	0	1061
BdenJEL423_SC16_region	498254	54305988	108.99	0	1061
BdenJEL423_SC17	243426	23491726	96.50	0	515
BdenJEL423_SC17_region	243426	23491726	96.50	0	515
BdenJEL423_SC18	48566	7467441	153.76	0	2325
BdenJEL423_SC18_region	48566	7467441	153.76	0	2325
BdenJEL423_SC19	69118	5521997	79.89	0	820
BdenJEL423_SC19_region	69118	5521997	79.89	0	820
BdenJEL423_SC20	45066	7127187	158.15	0	987
BdenJEL423_SC20_region	45066	7127187	158.15	0	987
BdenJEL423_SC21	28371	3062998	107.96	0	204
BdenJEL423_SC21_region	28371	3062998	107.96	0	204
BdenJEL423_SC22	17531	1284799	73.29	0	529
BdenJEL423_SC22_region	17531	1284799	73.29	0	529
BdenJEL423_SC23	15724	5010012	318.62	0	1559
BdenJEL423_SC23_region	15724	5010012	318.62	0	1559
BdenJEL423_SC24	15635	1524941	97.53	0	629
BdenJEL423_SC24_region	15635	1524941	97.53	0	629
BdenJEL423_SC25	13302	1922583	144.53	0	872
BdenJEL423_SC25_region	13302	1922583	144.53	0	872
BdenJEL423_SC26	12287	1793546	145.97	0	421
BdenJEL423_SC26_region	12287	1793546	145.97	0	421
BdenJEL423_SC27	11745	2681455	228.31	0	1219
BdenJEL423_SC27_region	11745	2681455	228.31	0	1219
BdenJEL423_SC28	11715	996577	85.07	0	265
BdenJEL423_SC28_region	11715	996577	85.07	0	265
BdenJEL423_SC29	10519	985866	93.72	0	541
BdenJEL423_SC29_region	10519	985866	93.72	0	541
BdenJEL423_SC30	9825	1250777	127.31	0	627
BdenJEL423_SC30_region	9825	1250777	127.31	0	627
BdenJEL423_SC31	9499	667996	70.32	0	530
BdenJEL423_SC31_region	9499	667996	70.32	0	530
BdenJEL423_SC32	9394	2486328	264.67	0	1870
BdenJEL423_SC32_region	9394	2486328	264.67	0	1870
BdenJEL423_SC33	8891	1025547	115.35	0	234
BdenJEL423_SC33_region	8891	1025547	115.35	0	234
BdenJEL423_SC34	8868	793794	89.51	0	378
BdenJEL423_SC34_region	8868	793794	89.51	0	378
BdenJEL423_SC35	14477	4651899	321.33	0	3785
BdenJEL423_SC35_region	14477	4651899	321.33	0	3785
BdenJEL423_SC36	8411	834543	99.22	0	386
BdenJEL423_SC36_region	8411	834543	99.22	0	386
BdenJEL423_SC37	8246	703692	85.34	0	777
BdenJEL423_SC37_region	8246	703692	85.34	0	777
BdenJEL423_SC38	7919	752853	95.07	0	333
BdenJEL423_SC38_region	7919	752853	95.07	0	333
BdenJEL423_SC39	7486	1877278	250.77	0	1766
BdenJEL423_SC39_region	7486	1877278	250.77	0	1766
BdenJEL423_SC40	7373	461941	62.65	0	280
BdenJEL423_SC40_region	7373	461941	62.65	0	280
BdenJEL423_SC41	7250	3702298	510.66	0	1331
BdenJEL423_SC41_region	7250	3702298	510.66	0	1331
BdenJEL423_SC42	7213	533208	73.92	0	212
BdenJEL423_SC42_region	7213	533208	73.92	0	212
BdenJEL423_SC43	7203	346650	48.13	0	254
BdenJEL423_SC43_region	7203	346650	48.13	0	254
BdenJEL423_SC44	7151	1134931	158.71	0	834
BdenJEL423_SC44_region	7151	1134931	158.71	0	834
BdenJEL423_SC45	7120	797475	112.00	0	528
BdenJEL423_SC45_region	7120	797475	112.00	0	528
BdenJEL423_SC46	7014	431305	61.49	0	283
BdenJEL423_SC46_region	7014	431305	61.49	0	283
BdenJEL423_SC47	6856	2704270	394.44	0	3354
BdenJEL423_SC47_region	6856	2704270	394.44	0	3354
BdenJEL423_SC48	6834	1203130	176.05	0	430
BdenJEL423_SC48_region	6834	1203130	176.05	0	430
BdenJEL423_SC49	6519	4336162	665.16	0	2983
BdenJEL423_SC49_region	6519	4336162	665.16	0	2983
BdenJEL423_SC50	6174	420577	68.12	0	320
BdenJEL423_SC50_region	6174	420577	68.12	0	320
BdenJEL423_SC51	6095	4282462	702.62	0	3229
BdenJEL423_SC51_region	6095	4282462	702.62	0	3229
BdenJEL423_SC52	6071	519172	85.52	0	286
BdenJEL423_SC52_region	6071	519172	85.52	0	286
BdenJEL423_SC53	6016	1688855	280.73	0	1604
BdenJEL423_SC53_region	6016	1688855	280.73	0	1604
BdenJEL423_SC54	5992	5848518	976.05	0	6118
BdenJEL423_SC54_region	5992	5848518	976.05	0	6118
BdenJEL423_SC55	5977	457909	76.61	0	348
BdenJEL423_SC55_region	5977	457909	76.61	0	348
BdenJEL423_SC56	5808	555766	95.69	0	558
BdenJEL423_SC56_region	5808	555766	95.69	0	558
BdenJEL423_SC57	5752	3575815	621.66	0	3089
BdenJEL423_SC57_region	5752	3575815	621.66	0	3089
BdenJEL423_SC58	8484	5710529	673.09	0	3899
BdenJEL423_SC58_region	8484	5710529	673.09	0	3899
BdenJEL423_SC59	5694	963541	169.22	0	549
BdenJEL423_SC59_region	5694	963541	169.22	0	549
BdenJEL423_SC60	5543	352657	63.62	0	151
BdenJEL423_SC60_region	5543	352657	63.62	0	151
BdenJEL423_SC61	5512	487412	88.43	0	367
BdenJEL423_SC61_region	5512	487412	88.43	0	367
BdenJEL423_SC62	5380	314921	58.54	0	403
BdenJEL423_SC62_region	5380	314921	58.54	0	403
BdenJEL423_SC63	5288	236043	44.64	0	258
BdenJEL423_SC63_region	5288	236043	44.64	0	258
BdenJEL423_SC64	5189	683388	131.70	0	293
BdenJEL423_SC64_region	5189	683388	131.70	0	293
BdenJEL423_SC65	5077	4407964	868.22	0	2870
BdenJEL423_SC65_region	5077	4407964	868.22	0	2870
BdenJEL423_SC66	4922	368171	74.80	0	451
BdenJEL423_SC66_region	4922	368171	74.80	0	451
BdenJEL423_SC67	4755	349016	73.40	0	199
BdenJEL423_SC67_region	4755	349016	73.40	0	199
BdenJEL423_SC68	4529	1926160	425.29	0	1700
BdenJEL423_SC68_region	4529	1926160	425.29	0	1700
BdenJEL423_SC69	2608	650307	249.35	0	1432
BdenJEL423_SC69_region	2608	650307	249.35	0	1432
BdenJEL423_mito	175284	143915724	821.04	0	2634
BdenJEL423_mito_region	175284	143915724	821.04	0	2634
total	23897668	3158115208	132.15	0	11255
total_region	23897668	3158115208	132.15	0	11255
