chrom	length	bases	mean	min	max
BdenJEL423_SC01	4440149	353408315	79.59	0	1494
BdenJEL423_SC01_region	4440149	353408315	79.59	0	1494
BdenJEL423_SC02	2313122	197804032	85.51	0	4001
BdenJEL423_SC02_region	2313122	197804032	85.51	0	4001
BdenJEL423_SC03	1829408	152658680	83.45	0	1699
BdenJEL423_SC03_region	1829408	152658680	83.45	0	1699
BdenJEL423_SC04	1803316	142352658	78.94	0	621
BdenJEL423_SC04_region	1803316	142352658	78.94	0	621
BdenJEL423_SC05	1707251	139580236	81.76	0	1948
BdenJEL423_SC05_region	1707251	139580236	81.76	0	1948
BdenJEL423_SC06	1545501	93387825	60.43	0	2594
BdenJEL423_SC06_region	1545501	93387825	60.43	0	2594
BdenJEL423_SC07	1398854	83432135	59.64	0	1286
BdenJEL423_SC07_region	1398854	83432135	59.64	0	1286
BdenJEL423_SC08	1069847	87827788	82.09	0	4573
BdenJEL423_SC08_region	1069847	87827788	82.09	0	4573
BdenJEL423_SC09	1057463	80854903	76.46	0	475
BdenJEL423_SC09_region	1057463	80854903	76.46	0	475
BdenJEL423_SC10	1012305	82624271	81.62	0	726
BdenJEL423_SC10_region	1012305	82624271	81.62	0	726
BdenJEL423_SC11	979369	76928604	78.55	0	579
BdenJEL423_SC11_region	979369	76928604	78.55	0	579
BdenJEL423_SC12	937107	70324682	75.04	0	722
BdenJEL423_SC12_region	937107	70324682	75.04	0	722
BdenJEL423_SC13	898261	69783855	77.69	0	5044
BdenJEL423_SC13_region	898261	69783855	77.69	0	5044
BdenJEL423_SC14	857155	101834733	118.81	0	3001
BdenJEL423_SC14_region	857155	101834733	118.81	0	3001
BdenJEL423_SC15	557602	47755972	85.65	0	1352
BdenJEL423_SC15_region	557602	47755972	85.65	0	1352
BdenJEL423_SC16	498254	29217354	58.64	0	674
BdenJEL423_SC16_region	498254	29217354	58.64	0	674
BdenJEL423_SC17	243426	17973002	73.83	0	455
BdenJEL423_SC17_region	243426	17973002	73.83	0	455
BdenJEL423_SC18	48566	4846043	99.78	0	1267
BdenJEL423_SC18_region	48566	4846043	99.78	0	1267
BdenJEL423_SC19	69118	3313587	47.94	0	485
BdenJEL423_SC19_region	69118	3313587	47.94	0	485
BdenJEL423_SC20	45066	4739709	105.17	0	580
BdenJEL423_SC20_region	45066	4739709	105.17	0	580
BdenJEL423_SC21	28371	1580467	55.71	0	126
BdenJEL423_SC21_region	28371	1580467	55.71	0	126
BdenJEL423_SC22	17531	848856	48.42	0	294
BdenJEL423_SC22_region	17531	848856	48.42	0	294
BdenJEL423_SC23	15724	3005833	191.16	0	927
BdenJEL423_SC23_region	15724	3005833	191.16	0	927
BdenJEL423_SC24	15635	969430	62.00	0	374
BdenJEL423_SC24_region	15635	969430	62.00	0	374
BdenJEL423_SC25	13302	1397261	105.04	0	502
BdenJEL423_SC25_region	13302	1397261	105.04	0	502
BdenJEL423_SC26	12287	1218981	99.21	0	309
BdenJEL423_SC26_region	12287	1218981	99.21	0	309
BdenJEL423_SC27	11745	1911757	162.77	0	1355
BdenJEL423_SC27_region	11745	1911757	162.77	0	1355
BdenJEL423_SC28	11715	800778	68.35	0	179
BdenJEL423_SC28_region	11715	800778	68.35	0	179
BdenJEL423_SC29	10519	663449	63.07	0	314
BdenJEL423_SC29_region	10519	663449	63.07	0	314
BdenJEL423_SC30	9825	680151	69.23	0	461
BdenJEL423_SC30_region	9825	680151	69.23	0	461
BdenJEL423_SC31	9499	463486	48.79	0	186
BdenJEL423_SC31_region	9499	463486	48.79	0	186
BdenJEL423_SC32	9394	1315987	140.09	0	1548
BdenJEL423_SC32_region	9394	1315987	140.09	0	1548
BdenJEL423_SC33	8891	577016	64.90	0	129
BdenJEL423_SC33_region	8891	577016	64.90	0	129
BdenJEL423_SC34	8868	582024	65.63	0	309
BdenJEL423_SC34_region	8868	582024	65.63	0	309
BdenJEL423_SC35	14477	2902533	200.49	0	3052
BdenJEL423_SC35_region	14477	2902533	200.49	0	3052
BdenJEL423_SC36	8411	495314	58.89	0	260
BdenJEL423_SC36_region	8411	495314	58.89	0	260
BdenJEL423_SC37	8246	529376	64.20	0	459
BdenJEL423_SC37_region	8246	529376	64.20	0	459
BdenJEL423_SC38	7919	570496	72.04	0	432
BdenJEL423_SC38_region	7919	570496	72.04	0	432
BdenJEL423_SC39	7486	1792493	239.45	0	3557
BdenJEL423_SC39_region	7486	1792493	239.45	0	3557
BdenJEL423_SC40	7373	272887	37.01	0	98
BdenJEL423_SC40_region	7373	272887	37.01	0	98
BdenJEL423_SC41	7250	4224516	582.69	0	1221
BdenJEL423_SC41_region	7250	4224516	582.69	0	1221
BdenJEL423_SC42	7213	365978	50.74	0	138
BdenJEL423_SC42_region	7213	365978	50.74	0	138
BdenJEL423_SC43	7203	231801	32.18	0	129
BdenJEL423_SC43_region	7203	231801	32.18	0	129
BdenJEL423_SC44	7151	552870	77.31	0	307
BdenJEL423_SC44_region	7151	552870	77.31	0	307
BdenJEL423_SC45	7120	387515	54.43	0	234
BdenJEL423_SC45_region	7120	387515	54.43	0	234
BdenJEL423_SC46	7014	217183	30.96	0	163
BdenJEL423_SC46_region	7014	217183	30.96	0	163
BdenJEL423_SC47	6856	2120309	309.26	0	2068
BdenJEL423_SC47_region	6856	2120309	309.26	0	2068
BdenJEL423_SC48	6834	717200	104.95	0	246
BdenJEL423_SC48_region	6834	717200	104.95	0	246
BdenJEL423_SC49	6519	2144344	328.94	0	1606
BdenJEL423_SC49_region	6519	2144344	328.94	0	1606
BdenJEL423_SC50	6174	348004	56.37	0	298
BdenJEL423_SC50_region	6174	348004	56.37	0	298
BdenJEL423_SC51	6095	1688437	277.02	0	1389
BdenJEL423_SC51_region	6095	1688437	277.02	0	1389
BdenJEL423_SC52	6071	377294	62.15	0	193
BdenJEL423_SC52_region	6071	377294	62.15	0	193
BdenJEL423_SC53	6016	1214930	201.95	0	1284
BdenJEL423_SC53_region	6016	1214930	201.95	0	1284
BdenJEL423_SC54	5992	2973559	496.25	0	2658
BdenJEL423_SC54_region	5992	2973559	496.25	0	2658
BdenJEL423_SC55	5977	269754	45.13	0	174
BdenJEL423_SC55_region	5977	269754	45.13	0	174
BdenJEL423_SC56	5808	362456	62.41	0	381
BdenJEL423_SC56_region	5808	362456	62.41	0	381
BdenJEL423_SC57	5752	1536541	267.13	0	1754
BdenJEL423_SC57_region	5752	1536541	267.13	0	1754
BdenJEL423_SC58	8484	4824274	568.63	0	3325
BdenJEL423_SC58_region	8484	4824274	568.63	0	3325
BdenJEL423_SC59	5694	786278	138.09	0	376
BdenJEL423_SC59_region	5694	786278	138.09	0	376
BdenJEL423_SC60	5543	224507	40.50	0	102
BdenJEL423_SC60_region	5543	224507	40.50	0	102
BdenJEL423_SC61	5512	358215	64.99	0	316
BdenJEL423_SC61_region	5512	358215	64.99	0	316
BdenJEL423_SC62	5380	211892	39.39	0	335
BdenJEL423_SC62_region	5380	211892	39.39	0	335
BdenJEL423_SC63	5288	155054	29.32	0	161
BdenJEL423_SC63_region	5288	155054	29.32	0	161
BdenJEL423_SC64	5189	366969	70.72	0	171
BdenJEL423_SC64_region	5189	366969	70.72	0	171
BdenJEL423_SC65	5077	3284479	646.93	0	2529
BdenJEL423_SC65_region	5077	3284479	646.93	0	2529
BdenJEL423_SC66	4922	272221	55.31	0	324
BdenJEL423_SC66_region	4922	272221	55.31	0	324
BdenJEL423_SC67	4755	188175	39.57	0	124
BdenJEL423_SC67_region	4755	188175	39.57	0	124
BdenJEL423_SC68	4529	1148262	253.54	1	1229
BdenJEL423_SC68_region	4529	1148262	253.54	1	1229
BdenJEL423_SC69	2608	328864	126.10	0	573
BdenJEL423_SC69_region	2608	328864	126.10	0	573
BdenJEL423_mito	175284	94472279	538.97	0	1959
BdenJEL423_mito_region	175284	94472279	538.97	0	1959
total	23897668	1989581119	83.25	0	5044
total_region	23897668	1989581119	83.25	0	5044
