chrom	length	bases	mean	min	max
BdenJEL423_SC01	4440149	109137251	24.58	0	85
BdenJEL423_SC01_region	4440149	109137251	24.58	0	85
BdenJEL423_SC02	2313122	58684378	25.37	0	89
BdenJEL423_SC02_region	2313122	58684378	25.37	0	89
BdenJEL423_SC03	1829408	46243235	25.28	0	86
BdenJEL423_SC03_region	1829408	46243235	25.28	0	86
BdenJEL423_SC04	1803316	44503333	24.68	0	78
BdenJEL423_SC04_region	1803316	44503333	24.68	0	78
BdenJEL423_SC05	1707251	42043176	24.63	0	86
BdenJEL423_SC05_region	1707251	42043176	24.63	0	86
BdenJEL423_SC06	1545501	29608440	19.16	0	86
BdenJEL423_SC06_region	1545501	29608440	19.16	0	86
BdenJEL423_SC07	1398854	26477660	18.93	0	86
BdenJEL423_SC07_region	1398854	26477660	18.93	0	86
BdenJEL423_SC08	1069847	20492891	19.15	0	86
BdenJEL423_SC08_region	1069847	20492891	19.15	0	86
BdenJEL423_SC09	1057463	18702658	17.69	0	76
BdenJEL423_SC09_region	1057463	18702658	17.69	0	76
BdenJEL423_SC10	1012305	30170553	29.80	0	86
BdenJEL423_SC10_region	1012305	30170553	29.80	0	86
BdenJEL423_SC11	979369	17751284	18.13	0	80
BdenJEL423_SC11_region	979369	17751284	18.13	0	80
BdenJEL423_SC12	937107	22053643	23.53	0	75
BdenJEL423_SC12_region	937107	22053643	23.53	0	75
BdenJEL423_SC13	898261	17666456	19.67	0	89
BdenJEL423_SC13_region	898261	17666456	19.67	0	89
BdenJEL423_SC14	857155	29033708	33.87	0	88
BdenJEL423_SC14_region	857155	29033708	33.87	0	88
BdenJEL423_SC15	557602	10285645	18.45	0	86
BdenJEL423_SC15_region	557602	10285645	18.45	0	86
BdenJEL423_SC16	498254	9347278	18.76	0	86
BdenJEL423_SC16_region	498254	9347278	18.76	0	86
BdenJEL423_SC17	243426	4277361	17.57	0	69
BdenJEL423_SC17_region	243426	4277361	17.57	0	69
BdenJEL423_SC18	48566	1439745	29.65	0	86
BdenJEL423_SC18_region	48566	1439745	29.65	0	86
BdenJEL423_SC19	69118	1067847	15.45	0	59
BdenJEL423_SC19_region	69118	1067847	15.45	0	59
BdenJEL423_SC20	45066	1006129	22.33	0	71
BdenJEL423_SC20_region	45066	1006129	22.33	0	71
BdenJEL423_SC21	28371	449189	15.83	1	38
BdenJEL423_SC21_region	28371	449189	15.83	1	38
BdenJEL423_SC22	17531	444134	25.33	0	63
BdenJEL423_SC22_region	17531	444134	25.33	0	63
BdenJEL423_SC23	15724	718675	45.71	0	86
BdenJEL423_SC23_region	15724	718675	45.71	0	86
BdenJEL423_SC24	15635	438688	28.06	0	63
BdenJEL423_SC24_region	15635	438688	28.06	0	63
BdenJEL423_SC25	13302	433150	32.56	0	65
BdenJEL423_SC25_region	13302	433150	32.56	0	65
BdenJEL423_SC26	12287	354458	28.85	0	61
BdenJEL423_SC26_region	12287	354458	28.85	0	61
BdenJEL423_SC27	11745	519854	44.26	0	86
BdenJEL423_SC27_region	11745	519854	44.26	0	86
BdenJEL423_SC28	11715	367029	31.33	0	63
BdenJEL423_SC28_region	11715	367029	31.33	0	63
BdenJEL423_SC29	10519	270329	25.70	0	70
BdenJEL423_SC29_region	10519	270329	25.70	0	70
BdenJEL423_SC30	9825	297216	30.25	0	64
BdenJEL423_SC30_region	9825	297216	30.25	0	64
BdenJEL423_SC31	9499	286230	30.13	0	63
BdenJEL423_SC31_region	9499	286230	30.13	0	63
BdenJEL423_SC32	9394	412725	43.93	0	86
BdenJEL423_SC32_region	9394	412725	43.93	0	86
BdenJEL423_SC33	8891	166847	18.77	0	46
BdenJEL423_SC33_region	8891	166847	18.77	0	46
BdenJEL423_SC34	8868	272737	30.76	0	82
BdenJEL423_SC34_region	8868	272737	30.76	0	82
BdenJEL423_SC35	14477	554566	38.31	0	86
BdenJEL423_SC35_region	14477	554566	38.31	0	86
BdenJEL423_SC36	8411	258267	30.71	0	67
BdenJEL423_SC36_region	8411	258267	30.71	0	67
BdenJEL423_SC37	8246	204374	24.78	0	65
BdenJEL423_SC37_region	8246	204374	24.78	0	65
BdenJEL423_SC38	7919	220377	27.83	0	72
BdenJEL423_SC38_region	7919	220377	27.83	0	72
BdenJEL423_SC39	7486	329351	44.00	0	86
BdenJEL423_SC39_region	7486	329351	44.00	0	86
BdenJEL423_SC40	7373	96874	13.14	0	38
BdenJEL423_SC40_region	7373	96874	13.14	0	38
BdenJEL423_SC41	7250	576947	79.58	3	86
BdenJEL423_SC41_region	7250	576947	79.58	3	86
BdenJEL423_SC42	7213	194907	27.02	0	57
BdenJEL423_SC42_region	7213	194907	27.02	0	57
BdenJEL423_SC43	7203	260023	36.10	0	73
BdenJEL423_SC43_region	7203	260023	36.10	0	73
BdenJEL423_SC44	7151	190166	26.59	0	56
BdenJEL423_SC44_region	7151	190166	26.59	0	56
BdenJEL423_SC45	7120	204117	28.67	0	67
BdenJEL423_SC45_region	7120	204117	28.67	0	67
BdenJEL423_SC46	7014	123849	17.66	0	49
BdenJEL423_SC46_region	7014	123849	17.66	0	49
BdenJEL423_SC47	6856	344788	50.29	0	86
BdenJEL423_SC47_region	6856	344788	50.29	0	86
BdenJEL423_SC48	6834	208750	30.55	0	59
BdenJEL423_SC48_region	6834	208750	30.55	0	59
BdenJEL423_SC49	6519	473265	72.60	0	87
BdenJEL423_SC49_region	6519	473265	72.60	0	87
BdenJEL423_SC50	6174	148353	24.03	0	54
BdenJEL423_SC50_region	6174	148353	24.03	0	54
BdenJEL423_SC51	6095	371776	61.00	0	86
BdenJEL423_SC51_region	6095	371776	61.00	0	86
BdenJEL423_SC52	6071	163323	26.90	0	56
BdenJEL423_SC52_region	6071	163323	26.90	0	56
BdenJEL423_SC53	6016	424199	70.51	0	86
BdenJEL423_SC53_region	6016	424199	70.51	0	86
BdenJEL423_SC54	5992	437316	72.98	0	86
BdenJEL423_SC54_region	5992	437316	72.98	0	86
BdenJEL423_SC55	5977	107532	17.99	0	42
BdenJEL423_SC55_region	5977	107532	17.99	0	42
BdenJEL423_SC56	5808	173181	29.82	0	74
BdenJEL423_SC56_region	5808	173181	29.82	0	74
BdenJEL423_SC57	5752	356909	62.05	0	87
BdenJEL423_SC57_region	5752	356909	62.05	0	87
BdenJEL423_SC58	8484	390699	46.05	0	91
BdenJEL423_SC58_region	8484	390699	46.05	0	91
BdenJEL423_SC59	5694	176985	31.08	0	68
BdenJEL423_SC59_region	5694	176985	31.08	0	68
BdenJEL423_SC60	5543	81617	14.72	0	59
BdenJEL423_SC60_region	5543	81617	14.72	0	59
BdenJEL423_SC61	5512	149100	27.05	0	59
BdenJEL423_SC61_region	5512	149100	27.05	0	59
BdenJEL423_SC62	5380	130113	24.18	1	55
BdenJEL423_SC62_region	5380	130113	24.18	1	55
BdenJEL423_SC63	5288	126461	23.91	0	59
BdenJEL423_SC63_region	5288	126461	23.91	0	59
BdenJEL423_SC64	5189	160907	31.01	0	67
BdenJEL423_SC64_region	5189	160907	31.01	0	67
BdenJEL423_SC65	5077	344525	67.86	1	86
BdenJEL423_SC65_region	5077	344525	67.86	1	86
BdenJEL423_SC66	4922	168224	34.18	0	79
BdenJEL423_SC66_region	4922	168224	34.18	0	79
BdenJEL423_SC67	4755	53299	11.21	0	31
BdenJEL423_SC67_region	4755	53299	11.21	0	31
BdenJEL423_SC68	4529	352562	77.85	1	86
BdenJEL423_SC68_region	4529	352562	77.85	1	86
BdenJEL423_SC69	2608	141000	54.06	0	84
BdenJEL423_SC69_region	2608	141000	54.06	0	84
BdenJEL423_mito	175284	13876105	79.16	0	87
BdenJEL423_mito_region	175284	13876105	79.16	0	87
total	23897668	567998739	23.77	0	91
total_region	23897668	567998739	23.77	0	91
