chrom	length	bases	mean	min	max
BdenJEL423_SC01	4440149	165667472	37.31	0	1122
BdenJEL423_SC01_region	4440149	165667472	37.31	0	1122
BdenJEL423_SC02	2313122	128504261	55.55	0	2131
BdenJEL423_SC02_region	2313122	128504261	55.55	0	2131
BdenJEL423_SC03	1829408	92503616	50.56	0	1567
BdenJEL423_SC03_region	1829408	92503616	50.56	0	1567
BdenJEL423_SC04	1803316	67473047	37.42	0	669
BdenJEL423_SC04_region	1803316	67473047	37.42	0	669
BdenJEL423_SC05	1707251	66534390	38.97	0	1942
BdenJEL423_SC05_region	1707251	66534390	38.97	0	1942
BdenJEL423_SC06	1545501	60779270	39.33	0	2241
BdenJEL423_SC06_region	1545501	60779270	39.33	0	2241
BdenJEL423_SC07	1398854	54988548	39.31	0	2234
BdenJEL423_SC07_region	1398854	54988548	39.31	0	2234
BdenJEL423_SC08	1069847	51657779	48.29	0	3677
BdenJEL423_SC08_region	1069847	51657779	48.29	0	3677
BdenJEL423_SC09	1057463	36543350	34.56	0	369
BdenJEL423_SC09_region	1057463	36543350	34.56	0	369
BdenJEL423_SC10	1012305	39325488	38.85	0	1213
BdenJEL423_SC10_region	1012305	39325488	38.85	0	1213
BdenJEL423_SC11	979369	44467277	45.40	0	1589
BdenJEL423_SC11_region	979369	44467277	45.40	0	1589
BdenJEL423_SC12	937107	35504026	37.89	0	438
BdenJEL423_SC12_region	937107	35504026	37.89	0	438
BdenJEL423_SC13	898261	41020173	45.67	0	1780
BdenJEL423_SC13_region	898261	41020173	45.67	0	1780
BdenJEL423_SC14	857155	75133320	87.65	0	2263
BdenJEL423_SC14_region	857155	75133320	87.65	0	2263
BdenJEL423_SC15	557602	21955358	39.37	0	1825
BdenJEL423_SC15_region	557602	21955358	39.37	0	1825
BdenJEL423_SC16	498254	18097269	36.32	0	747
BdenJEL423_SC16_region	498254	18097269	36.32	0	747
BdenJEL423_SC17	243426	8310910	34.14	0	341
BdenJEL423_SC17_region	243426	8310910	34.14	0	341
BdenJEL423_SC18	48566	3556636	73.23	0	1338
BdenJEL423_SC18_region	48566	3556636	73.23	0	1338
BdenJEL423_SC19	69118	1980554	28.65	0	299
BdenJEL423_SC19_region	69118	1980554	28.65	0	299
BdenJEL423_SC20	45066	2485379	55.15	0	349
BdenJEL423_SC20_region	45066	2485379	55.15	0	349
BdenJEL423_SC21	28371	970569	34.21	0	101
BdenJEL423_SC21_region	28371	970569	34.21	0	101
BdenJEL423_SC22	17531	770846	43.97	0	293
BdenJEL423_SC22_region	17531	770846	43.97	0	293
BdenJEL423_SC23	15724	1889069	120.14	0	814
BdenJEL423_SC23_region	15724	1889069	120.14	0	814
BdenJEL423_SC24	15635	853742	54.60	0	265
BdenJEL423_SC24_region	15635	853742	54.60	0	265
BdenJEL423_SC25	13302	831285	62.49	0	211
BdenJEL423_SC25_region	13302	831285	62.49	0	211
BdenJEL423_SC26	12287	460010	37.44	0	134
BdenJEL423_SC26_region	12287	460010	37.44	0	134
BdenJEL423_SC27	11745	2268240	193.12	0	2448
BdenJEL423_SC27_region	11745	2268240	193.12	0	2448
BdenJEL423_SC28	11715	522911	44.64	0	151
BdenJEL423_SC28_region	11715	522911	44.64	0	151
BdenJEL423_SC29	10519	547144	52.01	0	239
BdenJEL423_SC29_region	10519	547144	52.01	0	239
BdenJEL423_SC30	9825	397309	40.44	0	137
BdenJEL423_SC30_region	9825	397309	40.44	0	137
BdenJEL423_SC31	9499	291034	30.64	0	165
BdenJEL423_SC31_region	9499	291034	30.64	0	165
BdenJEL423_SC32	9394	1065089	113.38	0	684
BdenJEL423_SC32_region	9394	1065089	113.38	0	684
BdenJEL423_SC33	8891	170394	19.16	0	76
BdenJEL423_SC33_region	8891	170394	19.16	0	76
BdenJEL423_SC34	8868	371043	41.84	0	171
BdenJEL423_SC34_region	8868	371043	41.84	0	171
BdenJEL423_SC35	14477	2778060	191.89	0	1575
BdenJEL423_SC35_region	14477	2778060	191.89	0	1575
BdenJEL423_SC36	8411	440848	52.41	0	244
BdenJEL423_SC36_region	8411	440848	52.41	0	244
BdenJEL423_SC37	8246	316283	38.36	0	171
BdenJEL423_SC37_region	8246	316283	38.36	0	171
BdenJEL423_SC38	7919	287895	36.35	0	138
BdenJEL423_SC38_region	7919	287895	36.35	0	138
BdenJEL423_SC39	7486	1092452	145.93	0	2072
BdenJEL423_SC39_region	7486	1092452	145.93	0	2072
BdenJEL423_SC40	7373	151443	20.54	0	70
BdenJEL423_SC40_region	7373	151443	20.54	0	70
BdenJEL423_SC41	7250	3776184	520.85	0	1261
BdenJEL423_SC41_region	7250	3776184	520.85	0	1261
BdenJEL423_SC42	7213	340814	47.25	0	159
BdenJEL423_SC42_region	7213	340814	47.25	0	159
BdenJEL423_SC43	7203	238166	33.06	0	98
BdenJEL423_SC43_region	7203	238166	33.06	0	98
BdenJEL423_SC44	7151	249078	34.83	0	167
BdenJEL423_SC44_region	7151	249078	34.83	0	167
BdenJEL423_SC45	7120	210796	29.61	0	206
BdenJEL423_SC45_region	7120	210796	29.61	0	206
BdenJEL423_SC46	7014	264583	37.72	0	205
BdenJEL423_SC46_region	7014	264583	37.72	0	205
BdenJEL423_SC47	6856	1541088	224.78	0	2340
BdenJEL423_SC47_region	6856	1541088	224.78	0	2340
BdenJEL423_SC48	6834	518007	75.80	0	183
BdenJEL423_SC48_region	6834	518007	75.80	0	183
BdenJEL423_SC49	6519	2228627	341.87	0	2442
BdenJEL423_SC49_region	6519	2228627	341.87	0	2442
BdenJEL423_SC50	6174	298553	48.36	0	344
BdenJEL423_SC50_region	6174	298553	48.36	0	344
BdenJEL423_SC51	6095	1670998	274.16	0	2411
BdenJEL423_SC51_region	6095	1670998	274.16	0	2411
BdenJEL423_SC52	6071	220881	36.38	0	232
BdenJEL423_SC52_region	6071	220881	36.38	0	232
BdenJEL423_SC53	6016	1335887	222.06	0	2144
BdenJEL423_SC53_region	6016	1335887	222.06	0	2144
BdenJEL423_SC54	5992	1122090	187.26	0	946
BdenJEL423_SC54_region	5992	1122090	187.26	0	946
BdenJEL423_SC55	5977	195309	32.68	0	127
BdenJEL423_SC55_region	5977	195309	32.68	0	127
BdenJEL423_SC56	5808	364949	62.84	0	212
BdenJEL423_SC56_region	5808	364949	62.84	0	212
BdenJEL423_SC57	5752	1420734	247.00	0	1427
BdenJEL423_SC57_region	5752	1420734	247.00	0	1427
BdenJEL423_SC58	8484	2083729	245.61	0	1902
BdenJEL423_SC58_region	8484	2083729	245.61	0	1902
BdenJEL423_SC59	5694	371677	65.28	0	197
BdenJEL423_SC59_region	5694	371677	65.28	0	197
BdenJEL423_SC60	5543	125073	22.56	0	113
BdenJEL423_SC60_region	5543	125073	22.56	0	113
BdenJEL423_SC61	5512	281061	50.99	0	155
BdenJEL423_SC61_region	5512	281061	50.99	0	155
BdenJEL423_SC62	5380	401335	74.60	0	348
BdenJEL423_SC62_region	5380	401335	74.60	0	348
BdenJEL423_SC63	5288	177556	33.58	0	183
BdenJEL423_SC63_region	5288	177556	33.58	0	183
BdenJEL423_SC64	5189	280915	54.14	0	173
BdenJEL423_SC64_region	5189	280915	54.14	0	173
BdenJEL423_SC65	5077	1421842	280.06	0	732
BdenJEL423_SC65_region	5077	1421842	280.06	0	732
BdenJEL423_SC66	4922	157893	32.08	0	142
BdenJEL423_SC66_region	4922	157893	32.08	0	142
BdenJEL423_SC67	4755	153994	32.39	0	144
BdenJEL423_SC67_region	4755	153994	32.39	0	144
BdenJEL423_SC68	4529	1668933	368.50	0	1118
BdenJEL423_SC68_region	4529	1668933	368.50	0	1118
BdenJEL423_SC69	2608	661208	253.53	0	1626
BdenJEL423_SC69_region	2608	661208	253.53	0	1626
BdenJEL423_mito	175284	79585382	454.04	0	1408
BdenJEL423_mito_region	175284	79585382	454.04	0	1408
total	23897668	1136331131	47.55	0	3677
total_region	23897668	1136331131	47.55	0	3677
