chrom	length	bases	mean	min	max
BdenJEL423_SC01	4440149	145961163	32.87	0	641
BdenJEL423_SC01_region	4440149	145961163	32.87	0	641
BdenJEL423_SC02	2313122	105815173	45.75	0	1722
BdenJEL423_SC02_region	2313122	105815173	45.75	0	1722
BdenJEL423_SC03	1829408	78067009	42.67	0	646
BdenJEL423_SC03_region	1829408	78067009	42.67	0	646
BdenJEL423_SC04	1803316	54547885	30.25	0	426
BdenJEL423_SC04_region	1803316	54547885	30.25	0	426
BdenJEL423_SC05	1707251	70012544	41.01	0	1387
BdenJEL423_SC05_region	1707251	70012544	41.01	0	1387
BdenJEL423_SC06	1545501	45800440	29.63	0	908
BdenJEL423_SC06_region	1545501	45800440	29.63	0	908
BdenJEL423_SC07	1398854	40903875	29.24	0	435
BdenJEL423_SC07_region	1398854	40903875	29.24	0	435
BdenJEL423_SC08	1069847	41797022	39.07	0	1006
BdenJEL423_SC08_region	1069847	41797022	39.07	0	1006
BdenJEL423_SC09	1057463	31880491	30.15	0	336
BdenJEL423_SC09_region	1057463	31880491	30.15	0	336
BdenJEL423_SC10	1012305	28878396	28.53	0	656
BdenJEL423_SC10_region	1012305	28878396	28.53	0	656
BdenJEL423_SC11	979369	26829501	27.39	0	914
BdenJEL423_SC11_region	979369	26829501	27.39	0	914
BdenJEL423_SC12	937107	24915127	26.59	0	329
BdenJEL423_SC12_region	937107	24915127	26.59	0	329
BdenJEL423_SC13	898261	28773770	32.03	0	1033
BdenJEL423_SC13_region	898261	28773770	32.03	0	1033
BdenJEL423_SC14	857155	72460342	84.54	0	3153
BdenJEL423_SC14_region	857155	72460342	84.54	0	3153
BdenJEL423_SC15	557602	22610534	40.55	0	389
BdenJEL423_SC15_region	557602	22610534	40.55	0	389
BdenJEL423_SC16	498254	8528469	17.12	0	249
BdenJEL423_SC16_region	498254	8528469	17.12	0	249
BdenJEL423_SC17	243426	9403396	38.63	0	407
BdenJEL423_SC17_region	243426	9403396	38.63	0	407
BdenJEL423_SC18	48566	2507887	51.64	0	1018
BdenJEL423_SC18_region	48566	2507887	51.64	0	1018
BdenJEL423_SC19	69118	1333445	19.29	0	226
BdenJEL423_SC19_region	69118	1333445	19.29	0	226
BdenJEL423_SC20	45066	2045525	45.39	0	368
BdenJEL423_SC20_region	45066	2045525	45.39	0	368
BdenJEL423_SC21	28371	608519	21.45	0	49
BdenJEL423_SC21_region	28371	608519	21.45	0	49
BdenJEL423_SC22	17531	482473	27.52	0	208
BdenJEL423_SC22_region	17531	482473	27.52	0	208
BdenJEL423_SC23	15724	1632094	103.80	0	704
BdenJEL423_SC23_region	15724	1632094	103.80	0	704
BdenJEL423_SC24	15635	385174	24.64	0	116
BdenJEL423_SC24_region	15635	385174	24.64	0	116
BdenJEL423_SC25	13302	394558	29.66	0	103
BdenJEL423_SC25_region	13302	394558	29.66	0	103
BdenJEL423_SC26	12287	389786	31.72	0	136
BdenJEL423_SC26_region	12287	389786	31.72	0	136
BdenJEL423_SC27	11745	1129001	96.13	0	572
BdenJEL423_SC27_region	11745	1129001	96.13	0	572
BdenJEL423_SC28	11715	308775	26.36	0	76
BdenJEL423_SC28_region	11715	308775	26.36	0	76
BdenJEL423_SC29	10519	190313	18.09	0	42
BdenJEL423_SC29_region	10519	190313	18.09	0	42
BdenJEL423_SC30	9825	253861	25.84	0	101
BdenJEL423_SC30_region	9825	253861	25.84	0	101
BdenJEL423_SC31	9499	191881	20.20	0	83
BdenJEL423_SC31_region	9499	191881	20.20	0	83
BdenJEL423_SC32	9394	559756	59.59	0	403
BdenJEL423_SC32_region	9394	559756	59.59	0	403
BdenJEL423_SC33	8891	301449	33.90	0	96
BdenJEL423_SC33_region	8891	301449	33.90	0	96
BdenJEL423_SC34	8868	381585	43.03	0	110
BdenJEL423_SC34_region	8868	381585	43.03	0	110
BdenJEL423_SC35	14477	2333419	161.18	0	1805
BdenJEL423_SC35_region	14477	2333419	161.18	0	1805
BdenJEL423_SC36	8411	274599	32.65	0	131
BdenJEL423_SC36_region	8411	274599	32.65	0	131
BdenJEL423_SC37	8246	129067	15.65	0	65
BdenJEL423_SC37_region	8246	129067	15.65	0	65
BdenJEL423_SC38	7919	245759	31.03	0	65
BdenJEL423_SC38_region	7919	245759	31.03	0	65
BdenJEL423_SC39	7486	438357	58.56	0	329
BdenJEL423_SC39_region	7486	438357	58.56	0	329
BdenJEL423_SC40	7373	222913	30.23	0	67
BdenJEL423_SC40_region	7373	222913	30.23	0	67
BdenJEL423_SC41	7250	7906275	1090.52	6	2707
BdenJEL423_SC41_region	7250	7906275	1090.52	6	2707
BdenJEL423_SC42	7213	267992	37.15	0	107
BdenJEL423_SC42_region	7213	267992	37.15	0	107
BdenJEL423_SC43	7203	144008	19.99	0	52
BdenJEL423_SC43_region	7203	144008	19.99	0	52
BdenJEL423_SC44	7151	136388	19.07	0	76
BdenJEL423_SC44_region	7151	136388	19.07	0	76
BdenJEL423_SC45	7120	162285	22.79	0	49
BdenJEL423_SC45_region	7120	162285	22.79	0	49
BdenJEL423_SC46	7014	151481	21.60	0	77
BdenJEL423_SC46_region	7014	151481	21.60	0	77
BdenJEL423_SC47	6856	766091	111.74	0	499
BdenJEL423_SC47_region	6856	766091	111.74	0	499
BdenJEL423_SC48	6834	293805	42.99	0	114
BdenJEL423_SC48_region	6834	293805	42.99	0	114
BdenJEL423_SC49	6519	924074	141.75	0	447
BdenJEL423_SC49_region	6519	924074	141.75	0	447
BdenJEL423_SC50	6174	134162	21.73	0	66
BdenJEL423_SC50_region	6174	134162	21.73	0	66
BdenJEL423_SC51	6095	1565288	256.82	0	1246
BdenJEL423_SC51_region	6095	1565288	256.82	0	1246
BdenJEL423_SC52	6071	82493	13.59	0	60
BdenJEL423_SC52_region	6071	82493	13.59	0	60
BdenJEL423_SC53	6016	1440943	239.52	0	606
BdenJEL423_SC53_region	6016	1440943	239.52	0	606
BdenJEL423_SC54	5992	1470146	245.35	0	690
BdenJEL423_SC54_region	5992	1470146	245.35	0	690
BdenJEL423_SC55	5977	65650	10.98	0	24
BdenJEL423_SC55_region	5977	65650	10.98	0	24
BdenJEL423_SC56	5808	225447	38.82	0	97
BdenJEL423_SC56_region	5808	225447	38.82	0	97
BdenJEL423_SC57	5752	1068965	185.84	0	1043
BdenJEL423_SC57_region	5752	1068965	185.84	0	1043
BdenJEL423_SC58	8484	3610382	425.55	0	5231
BdenJEL423_SC58_region	8484	3610382	425.55	0	5231
BdenJEL423_SC59	5694	225593	39.62	0	123
BdenJEL423_SC59_region	5694	225593	39.62	0	123
BdenJEL423_SC60	5543	114498	20.66	1	72
BdenJEL423_SC60_region	5543	114498	20.66	1	72
BdenJEL423_SC61	5512	104839	19.02	0	138
BdenJEL423_SC61_region	5512	104839	19.02	0	138
BdenJEL423_SC62	5380	183208	34.05	2	91
BdenJEL423_SC62_region	5380	183208	34.05	2	91
BdenJEL423_SC63	5288	54623	10.33	0	69
BdenJEL423_SC63_region	5288	54623	10.33	0	69
BdenJEL423_SC64	5189	207606	40.01	0	140
BdenJEL423_SC64_region	5189	207606	40.01	0	140
BdenJEL423_SC65	5077	1601692	315.48	0	797
BdenJEL423_SC65_region	5077	1601692	315.48	0	797
BdenJEL423_SC66	4922	169945	34.53	0	112
BdenJEL423_SC66_region	4922	169945	34.53	0	112
BdenJEL423_SC67	4755	90591	19.05	0	46
BdenJEL423_SC67_region	4755	90591	19.05	0	46
BdenJEL423_SC68	4529	1576471	348.08	0	700
BdenJEL423_SC68_region	4529	1576471	348.08	0	700
BdenJEL423_SC69	2608	586208	224.77	0	605
BdenJEL423_SC69_region	2608	586208	224.77	0	605
BdenJEL423_mito	175284	202481797	1155.16	0	4085
BdenJEL423_mito_region	175284	202481797	1155.16	0	4085
total	23897668	1081738279	45.27	0	5231
total_region	23897668	1081738279	45.27	0	5231
