chrom	length	bases	mean	min	max
BdenJEL423_SC01	4440149	161472068	36.37	0	317
BdenJEL423_SC01_region	4440149	161472068	36.37	0	317
BdenJEL423_SC02	2313122	124075677	53.64	0	799
BdenJEL423_SC02_region	2313122	124075677	53.64	0	799
BdenJEL423_SC03	1829408	73863081	40.38	0	467
BdenJEL423_SC03_region	1829408	73863081	40.38	0	467
BdenJEL423_SC04	1803316	64964176	36.02	0	380
BdenJEL423_SC04_region	1803316	64964176	36.02	0	380
BdenJEL423_SC05	1707251	62621349	36.68	0	1425
BdenJEL423_SC05_region	1707251	62621349	36.68	0	1425
BdenJEL423_SC06	1545501	58778036	38.03	0	739
BdenJEL423_SC06_region	1545501	58778036	38.03	0	739
BdenJEL423_SC07	1398854	50340240	35.99	0	365
BdenJEL423_SC07_region	1398854	50340240	35.99	0	365
BdenJEL423_SC08	1069847	38390149	35.88	0	728
BdenJEL423_SC08_region	1069847	38390149	35.88	0	728
BdenJEL423_SC09	1057463	38397015	36.31	0	277
BdenJEL423_SC09_region	1057463	38397015	36.31	0	277
BdenJEL423_SC10	1012305	34792329	34.37	0	304
BdenJEL423_SC10_region	1012305	34792329	34.37	0	304
BdenJEL423_SC11	979369	33910432	34.62	0	885
BdenJEL423_SC11_region	979369	33910432	34.62	0	885
BdenJEL423_SC12	937107	33285554	35.52	0	318
BdenJEL423_SC12_region	937107	33285554	35.52	0	318
BdenJEL423_SC13	898261	36253474	40.36	0	1396
BdenJEL423_SC13_region	898261	36253474	40.36	0	1396
BdenJEL423_SC14	857155	67562753	78.82	0	4063
BdenJEL423_SC14_region	857155	67562753	78.82	0	4063
BdenJEL423_SC15	557602	22721277	40.75	0	524
BdenJEL423_SC15_region	557602	22721277	40.75	0	524
BdenJEL423_SC16	498254	17432897	34.99	0	324
BdenJEL423_SC16_region	498254	17432897	34.99	0	324
BdenJEL423_SC17	243426	10035386	41.23	0	206
BdenJEL423_SC17_region	243426	10035386	41.23	0	206
BdenJEL423_SC18	48566	2443369	50.31	0	389
BdenJEL423_SC18_region	48566	2443369	50.31	0	389
BdenJEL423_SC19	69118	1571546	22.74	0	163
BdenJEL423_SC19_region	69118	1571546	22.74	0	163
BdenJEL423_SC20	45066	2414490	53.58	0	301
BdenJEL423_SC20_region	45066	2414490	53.58	0	301
BdenJEL423_SC21	28371	864655	30.48	0	60
BdenJEL423_SC21_region	28371	864655	30.48	0	60
BdenJEL423_SC22	17531	617739	35.24	0	129
BdenJEL423_SC22_region	17531	617739	35.24	0	129
BdenJEL423_SC23	15724	1343428	85.44	0	361
BdenJEL423_SC23_region	15724	1343428	85.44	0	361
BdenJEL423_SC24	15635	750490	48.00	0	125
BdenJEL423_SC24_region	15635	750490	48.00	0	125
BdenJEL423_SC25	13302	576268	43.32	0	157
BdenJEL423_SC25_region	13302	576268	43.32	0	157
BdenJEL423_SC26	12287	482100	39.24	0	134
BdenJEL423_SC26_region	12287	482100	39.24	0	134
BdenJEL423_SC27	11745	1017693	86.65	0	287
BdenJEL423_SC27_region	11745	1017693	86.65	0	287
BdenJEL423_SC28	11715	388429	33.16	0	90
BdenJEL423_SC28_region	11715	388429	33.16	0	90
BdenJEL423_SC29	10519	272702	25.92	0	90
BdenJEL423_SC29_region	10519	272702	25.92	0	90
BdenJEL423_SC30	9825	351548	35.78	0	135
BdenJEL423_SC30_region	9825	351548	35.78	0	135
BdenJEL423_SC31	9499	328358	34.57	0	112
BdenJEL423_SC31_region	9499	328358	34.57	0	112
BdenJEL423_SC32	9394	701392	74.66	0	285
BdenJEL423_SC32_region	9394	701392	74.66	0	285
BdenJEL423_SC33	8891	233557	26.27	0	59
BdenJEL423_SC33_region	8891	233557	26.27	0	59
BdenJEL423_SC34	8868	602005	67.89	0	140
BdenJEL423_SC34_region	8868	602005	67.89	0	140
BdenJEL423_SC35	14477	1304085	90.08	0	720
BdenJEL423_SC35_region	14477	1304085	90.08	0	720
BdenJEL423_SC36	8411	314675	37.41	0	121
BdenJEL423_SC36_region	8411	314675	37.41	0	121
BdenJEL423_SC37	8246	169285	20.53	0	59
BdenJEL423_SC37_region	8246	169285	20.53	0	59
BdenJEL423_SC38	7919	293948	37.12	0	91
BdenJEL423_SC38_region	7919	293948	37.12	0	91
BdenJEL423_SC39	7486	479698	64.08	0	226
BdenJEL423_SC39_region	7486	479698	64.08	0	226
BdenJEL423_SC40	7373	52241	7.09	0	35
BdenJEL423_SC40_region	7373	52241	7.09	0	35
BdenJEL423_SC41	7250	5397924	744.54	2	1229
BdenJEL423_SC41_region	7250	5397924	744.54	2	1229
BdenJEL423_SC42	7213	237792	32.97	0	88
BdenJEL423_SC42_region	7213	237792	32.97	0	88
BdenJEL423_SC43	7203	242249	33.63	0	78
BdenJEL423_SC43_region	7203	242249	33.63	0	78
BdenJEL423_SC44	7151	264270	36.96	0	106
BdenJEL423_SC44_region	7151	264270	36.96	0	106
BdenJEL423_SC45	7120	165317	23.22	0	55
BdenJEL423_SC45_region	7120	165317	23.22	0	55
BdenJEL423_SC46	7014	254498	36.28	0	92
BdenJEL423_SC46_region	7014	254498	36.28	0	92
BdenJEL423_SC47	6856	658964	96.11	1	289
BdenJEL423_SC47_region	6856	658964	96.11	1	289
BdenJEL423_SC48	6834	334480	48.94	0	108
BdenJEL423_SC48_region	6834	334480	48.94	0	108
BdenJEL423_SC49	6519	728372	111.73	0	433
BdenJEL423_SC49_region	6519	728372	111.73	0	433
BdenJEL423_SC50	6174	298980	48.43	0	100
BdenJEL423_SC50_region	6174	298980	48.43	0	100
BdenJEL423_SC51	6095	986051	161.78	0	1026
BdenJEL423_SC51_region	6095	986051	161.78	0	1026
BdenJEL423_SC52	6071	51609	8.50	0	37
BdenJEL423_SC52_region	6071	51609	8.50	0	37
BdenJEL423_SC53	6016	1847903	307.16	0	803
BdenJEL423_SC53_region	6016	1847903	307.16	0	803
BdenJEL423_SC54	5992	1036574	172.99	0	678
BdenJEL423_SC54_region	5992	1036574	172.99	0	678
BdenJEL423_SC55	5977	105513	17.65	0	38
BdenJEL423_SC55_region	5977	105513	17.65	0	38
BdenJEL423_SC56	5808	231274	39.82	0	194
BdenJEL423_SC56_region	5808	231274	39.82	0	194
BdenJEL423_SC57	5752	550489	95.70	0	295
BdenJEL423_SC57_region	5752	550489	95.70	0	295
BdenJEL423_SC58	8484	4284200	504.97	0	5634
BdenJEL423_SC58_region	8484	4284200	504.97	0	5634
BdenJEL423_SC59	5694	386942	67.96	1	174
BdenJEL423_SC59_region	5694	386942	67.96	1	174
BdenJEL423_SC60	5543	119836	21.62	0	75
BdenJEL423_SC60_region	5543	119836	21.62	0	75
BdenJEL423_SC61	5512	195300	35.43	0	113
BdenJEL423_SC61_region	5512	195300	35.43	0	113
BdenJEL423_SC62	5380	163679	30.42	3	85
BdenJEL423_SC62_region	5380	163679	30.42	3	85
BdenJEL423_SC63	5288	126702	23.96	0	71
BdenJEL423_SC63_region	5288	126702	23.96	0	71
BdenJEL423_SC64	5189	253214	48.80	0	165
BdenJEL423_SC64_region	5189	253214	48.80	0	165
BdenJEL423_SC65	5077	1322108	260.41	1	840
BdenJEL423_SC65_region	5077	1322108	260.41	1	840
BdenJEL423_SC66	4922	263629	53.56	0	225
BdenJEL423_SC66_region	4922	263629	53.56	0	225
BdenJEL423_SC67	4755	103738	21.82	0	66
BdenJEL423_SC67_region	4755	103738	21.82	0	66
BdenJEL423_SC68	4529	1866508	412.12	0	899
BdenJEL423_SC68_region	4529	1866508	412.12	0	899
BdenJEL423_SC69	2608	575569	220.69	0	481
BdenJEL423_SC69_region	2608	575569	220.69	0	481
BdenJEL423_mito	175284	132695434	757.03	0	2068
BdenJEL423_mito_region	175284	132695434	757.03	0	2068
total	23897668	1102218712	46.12	0	5634
total_region	23897668	1102218712	46.12	0	5634
