chrom	length	bases	mean	min	max
BdenJEL423_SC01	4440149	182531634	41.11	0	959
BdenJEL423_SC01_region	4440149	182531634	41.11	0	959
BdenJEL423_SC02	2313122	104827019	45.32	0	949
BdenJEL423_SC02_region	2313122	104827019	45.32	0	949
BdenJEL423_SC03	1829408	87619724	47.90	0	1315
BdenJEL423_SC03_region	1829408	87619724	47.90	0	1315
BdenJEL423_SC04	1803316	71636811	39.73	0	561
BdenJEL423_SC04_region	1803316	71636811	39.73	0	561
BdenJEL423_SC05	1707251	69350263	40.62	0	1246
BdenJEL423_SC05_region	1707251	69350263	40.62	0	1246
BdenJEL423_SC06	1545501	63171951	40.87	0	684
BdenJEL423_SC06_region	1545501	63171951	40.87	0	684
BdenJEL423_SC07	1398854	56277213	40.23	0	1084
BdenJEL423_SC07_region	1398854	56277213	40.23	0	1084
BdenJEL423_SC08	1069847	43768372	40.91	0	2935
BdenJEL423_SC08_region	1069847	43768372	40.91	0	2935
BdenJEL423_SC09	1057463	40905648	38.68	0	245
BdenJEL423_SC09_region	1057463	40905648	38.68	0	245
BdenJEL423_SC10	1012305	40844522	40.35	0	683
BdenJEL423_SC10_region	1012305	40844522	40.35	0	683
BdenJEL423_SC11	979369	38413104	39.22	0	1017
BdenJEL423_SC11_region	979369	38413104	39.22	0	1017
BdenJEL423_SC12	937107	35969019	38.38	0	371
BdenJEL423_SC12_region	937107	35969019	38.38	0	371
BdenJEL423_SC13	898261	38691016	43.07	0	949
BdenJEL423_SC13_region	898261	38691016	43.07	0	949
BdenJEL423_SC14	857155	52890883	61.71	0	1503
BdenJEL423_SC14_region	857155	52890883	61.71	0	1503
BdenJEL423_SC15	557602	22349226	40.08	0	684
BdenJEL423_SC15_region	557602	22349226	40.08	0	684
BdenJEL423_SC16	498254	18065067	36.26	0	270
BdenJEL423_SC16_region	498254	18065067	36.26	0	270
BdenJEL423_SC17	243426	8493829	34.89	0	309
BdenJEL423_SC17_region	243426	8493829	34.89	0	309
BdenJEL423_SC18	48566	2671174	55.00	0	748
BdenJEL423_SC18_region	48566	2671174	55.00	0	748
BdenJEL423_SC19	69118	1699305	24.59	0	243
BdenJEL423_SC19_region	69118	1699305	24.59	0	243
BdenJEL423_SC20	45066	2445860	54.27	0	350
BdenJEL423_SC20_region	45066	2445860	54.27	0	350
BdenJEL423_SC21	28371	971963	34.26	0	68
BdenJEL423_SC21_region	28371	971963	34.26	0	68
BdenJEL423_SC22	17531	728622	41.56	0	252
BdenJEL423_SC22_region	17531	728622	41.56	0	252
BdenJEL423_SC23	15724	1275230	81.10	0	365
BdenJEL423_SC23_region	15724	1275230	81.10	0	365
BdenJEL423_SC24	15635	1059667	67.78	0	270
BdenJEL423_SC24_region	15635	1059667	67.78	0	270
BdenJEL423_SC25	13302	661295	49.71	0	183
BdenJEL423_SC25_region	13302	661295	49.71	0	183
BdenJEL423_SC26	12287	504264	41.04	0	158
BdenJEL423_SC26_region	12287	504264	41.04	0	158
BdenJEL423_SC27	11745	1327507	113.03	0	1220
BdenJEL423_SC27_region	11745	1327507	113.03	0	1220
BdenJEL423_SC28	11715	438859	37.46	0	134
BdenJEL423_SC28_region	11715	438859	37.46	0	134
BdenJEL423_SC29	10519	594468	56.51	0	236
BdenJEL423_SC29_region	10519	594468	56.51	0	236
BdenJEL423_SC30	9825	383515	39.03	0	155
BdenJEL423_SC30_region	9825	383515	39.03	0	155
BdenJEL423_SC31	9499	295478	31.11	0	126
BdenJEL423_SC31_region	9499	295478	31.11	0	126
BdenJEL423_SC32	9394	670504	71.38	0	382
BdenJEL423_SC32_region	9394	670504	71.38	0	382
BdenJEL423_SC33	8891	177465	19.96	0	65
BdenJEL423_SC33_region	8891	177465	19.96	0	65
BdenJEL423_SC34	8868	368385	41.54	0	134
BdenJEL423_SC34_region	8868	368385	41.54	0	134
BdenJEL423_SC35	14477	1046711	72.30	0	926
BdenJEL423_SC35_region	14477	1046711	72.30	0	926
BdenJEL423_SC36	8411	470931	55.99	0	237
BdenJEL423_SC36_region	8411	470931	55.99	0	237
BdenJEL423_SC37	8246	310142	37.61	0	169
BdenJEL423_SC37_region	8246	310142	37.61	0	169
BdenJEL423_SC38	7919	282989	35.74	0	100
BdenJEL423_SC38_region	7919	282989	35.74	0	100
BdenJEL423_SC39	7486	601945	80.41	0	935
BdenJEL423_SC39_region	7486	601945	80.41	0	935
BdenJEL423_SC40	7373	143114	19.41	0	82
BdenJEL423_SC40_region	7373	143114	19.41	0	82
BdenJEL423_SC41	7250	11564782	1595.14	0	3968
BdenJEL423_SC41_region	7250	11564782	1595.14	0	3968
BdenJEL423_SC42	7213	371110	51.45	0	169
BdenJEL423_SC42_region	7213	371110	51.45	0	169
BdenJEL423_SC43	7203	198680	27.58	0	83
BdenJEL423_SC43_region	7203	198680	27.58	0	83
BdenJEL423_SC44	7151	260133	36.38	0	172
BdenJEL423_SC44_region	7151	260133	36.38	0	172
BdenJEL423_SC45	7120	165450	23.24	0	183
BdenJEL423_SC45_region	7120	165450	23.24	0	183
BdenJEL423_SC46	7014	261724	37.31	0	166
BdenJEL423_SC46_region	7014	261724	37.31	0	166
BdenJEL423_SC47	6856	850802	124.10	0	1587
BdenJEL423_SC47_region	6856	850802	124.10	0	1587
BdenJEL423_SC48	6834	421869	61.73	0	188
BdenJEL423_SC48_region	6834	421869	61.73	0	188
BdenJEL423_SC49	6519	1124515	172.50	0	1150
BdenJEL423_SC49_region	6519	1124515	172.50	0	1150
BdenJEL423_SC50	6174	283184	45.87	0	240
BdenJEL423_SC50_region	6174	283184	45.87	0	240
BdenJEL423_SC51	6095	768414	126.07	0	1255
BdenJEL423_SC51_region	6095	768414	126.07	0	1255
BdenJEL423_SC52	6071	208844	34.40	0	207
BdenJEL423_SC52_region	6071	208844	34.40	0	207
BdenJEL423_SC53	6016	681713	113.32	0	952
BdenJEL423_SC53_region	6016	681713	113.32	0	952
BdenJEL423_SC54	5992	857120	143.04	0	595
BdenJEL423_SC54_region	5992	857120	143.04	0	595
BdenJEL423_SC55	5977	203316	34.02	0	168
BdenJEL423_SC55_region	5977	203316	34.02	0	168
BdenJEL423_SC56	5808	305554	52.61	0	166
BdenJEL423_SC56_region	5808	305554	52.61	0	166
BdenJEL423_SC57	5752	693780	120.62	0	664
BdenJEL423_SC57_region	5752	693780	120.62	0	664
BdenJEL423_SC58	8484	1696865	200.01	0	1506
BdenJEL423_SC58_region	8484	1696865	200.01	0	1506
BdenJEL423_SC59	5694	378915	66.55	0	176
BdenJEL423_SC59_region	5694	378915	66.55	0	176
BdenJEL423_SC60	5543	114676	20.69	0	108
BdenJEL423_SC60_region	5543	114676	20.69	0	108
BdenJEL423_SC61	5512	292277	53.03	0	141
BdenJEL423_SC61_region	5512	292277	53.03	0	141
BdenJEL423_SC62	5380	344954	64.12	0	267
BdenJEL423_SC62_region	5380	344954	64.12	0	267
BdenJEL423_SC63	5288	155786	29.46	0	190
BdenJEL423_SC63_region	5288	155786	29.46	0	190
BdenJEL423_SC64	5189	252535	48.67	0	134
BdenJEL423_SC64_region	5189	252535	48.67	0	134
BdenJEL423_SC65	5077	1276427	251.41	0	771
BdenJEL423_SC65_region	5077	1276427	251.41	0	771
BdenJEL423_SC66	4922	137240	27.88	0	141
BdenJEL423_SC66_region	4922	137240	27.88	0	141
BdenJEL423_SC67	4755	137189	28.85	0	130
BdenJEL423_SC67_region	4755	137189	28.85	0	130
BdenJEL423_SC68	4529	868283	191.72	0	634
BdenJEL423_SC68_region	4529	868283	191.72	0	634
BdenJEL423_SC69	2608	267954	102.74	0	637
BdenJEL423_SC69_region	2608	267954	102.74	0	637
BdenJEL423_mito	175284	217394624	1240.24	0	4214
BdenJEL423_mito_region	175284	217394624	1240.24	0	4214
total	23897668	1237473409	51.78	0	4214
total_region	23897668	1237473409	51.78	0	4214
