chrom	length	bases	mean	min	max
BdenJEL423_SC01	4440149	194890859	43.89	0	1556
BdenJEL423_SC01_region	4440149	194890859	43.89	0	1556
BdenJEL423_SC02	2313122	150572310	65.09	0	1704
BdenJEL423_SC02_region	2313122	150572310	65.09	0	1704
BdenJEL423_SC03	1829408	108686518	59.41	0	1981
BdenJEL423_SC03_region	1829408	108686518	59.41	0	1981
BdenJEL423_SC04	1803316	77583951	43.02	0	755
BdenJEL423_SC04_region	1803316	77583951	43.02	0	755
BdenJEL423_SC05	1707251	75949627	44.49	0	2292
BdenJEL423_SC05_region	1707251	75949627	44.49	0	2292
BdenJEL423_SC06	1545501	67815216	43.88	0	691
BdenJEL423_SC06_region	1545501	67815216	43.88	0	691
BdenJEL423_SC07	1398854	59007699	42.18	0	2212
BdenJEL423_SC07_region	1398854	59007699	42.18	0	2212
BdenJEL423_SC08	1069847	64558021	60.34	0	3833
BdenJEL423_SC08_region	1069847	64558021	60.34	0	3833
BdenJEL423_SC09	1057463	45417666	42.95	0	360
BdenJEL423_SC09_region	1057463	45417666	42.95	0	360
BdenJEL423_SC10	1012305	43120794	42.60	0	896
BdenJEL423_SC10_region	1012305	43120794	42.60	0	896
BdenJEL423_SC11	979369	56164447	57.35	0	1690
BdenJEL423_SC11_region	979369	56164447	57.35	0	1690
BdenJEL423_SC12	937107	38159339	40.72	0	551
BdenJEL423_SC12_region	937107	38159339	40.72	0	551
BdenJEL423_SC13	898261	42814358	47.66	0	1838
BdenJEL423_SC13_region	898261	42814358	47.66	0	1838
BdenJEL423_SC14	857155	67198876	78.40	0	2171
BdenJEL423_SC14_region	857155	67198876	78.40	0	2171
BdenJEL423_SC15	557602	24660184	44.23	0	952
BdenJEL423_SC15_region	557602	24660184	44.23	0	952
BdenJEL423_SC16	498254	19760451	39.66	0	310
BdenJEL423_SC16_region	498254	19760451	39.66	0	310
BdenJEL423_SC17	243426	9752866	40.07	0	448
BdenJEL423_SC17_region	243426	9752866	40.07	0	448
BdenJEL423_SC18	48566	3149852	64.86	0	1071
BdenJEL423_SC18_region	48566	3149852	64.86	0	1071
BdenJEL423_SC19	69118	2039828	29.51	0	289
BdenJEL423_SC19_region	69118	2039828	29.51	0	289
BdenJEL423_SC20	45066	2895664	64.25	0	536
BdenJEL423_SC20_region	45066	2895664	64.25	0	536
BdenJEL423_SC21	28371	1020189	35.96	0	76
BdenJEL423_SC21_region	28371	1020189	35.96	0	76
BdenJEL423_SC22	17531	1006710	57.42	0	358
BdenJEL423_SC22_region	17531	1006710	57.42	0	358
BdenJEL423_SC23	15724	1624731	103.33	0	500
BdenJEL423_SC23_region	15724	1624731	103.33	0	500
BdenJEL423_SC24	15635	895437	57.27	0	285
BdenJEL423_SC24_region	15635	895437	57.27	0	285
BdenJEL423_SC25	13302	620100	46.62	0	163
BdenJEL423_SC25_region	13302	620100	46.62	0	163
BdenJEL423_SC26	12287	498159	40.54	0	140
BdenJEL423_SC26_region	12287	498159	40.54	0	140
BdenJEL423_SC27	11745	1836738	156.38	0	2082
BdenJEL423_SC27_region	11745	1836738	156.38	0	2082
BdenJEL423_SC28	11715	427088	36.46	0	128
BdenJEL423_SC28_region	11715	427088	36.46	0	128
BdenJEL423_SC29	10519	593059	56.38	0	365
BdenJEL423_SC29_region	10519	593059	56.38	0	365
BdenJEL423_SC30	9825	423958	43.15	0	232
BdenJEL423_SC30_region	9825	423958	43.15	0	232
BdenJEL423_SC31	9499	300704	31.66	0	140
BdenJEL423_SC31_region	9499	300704	31.66	0	140
BdenJEL423_SC32	9394	834392	88.82	0	430
BdenJEL423_SC32_region	9394	834392	88.82	0	430
BdenJEL423_SC33	8891	307050	34.53	0	85
BdenJEL423_SC33_region	8891	307050	34.53	0	85
BdenJEL423_SC34	8868	554928	62.58	0	261
BdenJEL423_SC34_region	8868	554928	62.58	0	261
BdenJEL423_SC35	14477	1486515	102.68	0	1175
BdenJEL423_SC35_region	14477	1486515	102.68	0	1175
BdenJEL423_SC36	8411	407583	48.46	0	254
BdenJEL423_SC36_region	8411	407583	48.46	0	254
BdenJEL423_SC37	8246	319937	38.80	0	116
BdenJEL423_SC37_region	8246	319937	38.80	0	116
BdenJEL423_SC38	7919	301265	38.04	0	125
BdenJEL423_SC38_region	7919	301265	38.04	0	125
BdenJEL423_SC39	7486	721864	96.43	0	1314
BdenJEL423_SC39_region	7486	721864	96.43	0	1314
BdenJEL423_SC40	7373	194722	26.41	0	97
BdenJEL423_SC40_region	7373	194722	26.41	0	97
BdenJEL423_SC41	7250	7419503	1023.38	0	2670
BdenJEL423_SC41_region	7250	7419503	1023.38	0	2670
BdenJEL423_SC42	7213	430189	59.64	0	160
BdenJEL423_SC42_region	7213	430189	59.64	0	160
BdenJEL423_SC43	7203	242290	33.64	0	118
BdenJEL423_SC43_region	7203	242290	33.64	0	118
BdenJEL423_SC44	7151	296403	41.45	0	232
BdenJEL423_SC44_region	7151	296403	41.45	0	232
BdenJEL423_SC45	7120	148972	20.92	0	144
BdenJEL423_SC45_region	7120	148972	20.92	0	144
BdenJEL423_SC46	7014	286327	40.82	0	184
BdenJEL423_SC46_region	7014	286327	40.82	0	184
BdenJEL423_SC47	6856	1033930	150.81	0	1998
BdenJEL423_SC47_region	6856	1033930	150.81	0	1998
BdenJEL423_SC48	6834	401442	58.74	0	155
BdenJEL423_SC48_region	6834	401442	58.74	0	155
BdenJEL423_SC49	6519	1500810	230.22	0	1429
BdenJEL423_SC49_region	6519	1500810	230.22	0	1429
BdenJEL423_SC50	6174	304607	49.34	0	282
BdenJEL423_SC50_region	6174	304607	49.34	0	282
BdenJEL423_SC51	6095	953861	156.50	0	1737
BdenJEL423_SC51_region	6095	953861	156.50	0	1737
BdenJEL423_SC52	6071	219958	36.23	0	224
BdenJEL423_SC52_region	6071	219958	36.23	0	224
BdenJEL423_SC53	6016	897056	149.11	0	1380
BdenJEL423_SC53_region	6016	897056	149.11	0	1380
BdenJEL423_SC54	5992	1272108	212.30	0	980
BdenJEL423_SC54_region	5992	1272108	212.30	0	980
BdenJEL423_SC55	5977	232884	38.96	0	210
BdenJEL423_SC55_region	5977	232884	38.96	0	210
BdenJEL423_SC56	5808	364333	62.73	0	207
BdenJEL423_SC56_region	5808	364333	62.73	0	207
BdenJEL423_SC57	5752	869825	151.22	0	931
BdenJEL423_SC57_region	5752	869825	151.22	0	931
BdenJEL423_SC58	8484	2840321	334.79	0	2130
BdenJEL423_SC58_region	8484	2840321	334.79	0	2130
BdenJEL423_SC59	5694	377006	66.21	0	213
BdenJEL423_SC59_region	5694	377006	66.21	0	213
BdenJEL423_SC60	5543	128386	23.16	0	107
BdenJEL423_SC60_region	5543	128386	23.16	0	107
BdenJEL423_SC61	5512	284543	51.62	0	162
BdenJEL423_SC61_region	5512	284543	51.62	0	162
BdenJEL423_SC62	5380	503356	93.56	0	446
BdenJEL423_SC62_region	5380	503356	93.56	0	446
BdenJEL423_SC63	5288	160049	30.27	0	192
BdenJEL423_SC63_region	5288	160049	30.27	0	192
BdenJEL423_SC64	5189	292025	56.28	0	164
BdenJEL423_SC64_region	5189	292025	56.28	0	164
BdenJEL423_SC65	5077	1952019	384.48	0	1483
BdenJEL423_SC65_region	5077	1952019	384.48	0	1483
BdenJEL423_SC66	4922	179922	36.55	0	187
BdenJEL423_SC66_region	4922	179922	36.55	0	187
BdenJEL423_SC67	4755	156847	32.99	0	137
BdenJEL423_SC67_region	4755	156847	32.99	0	137
BdenJEL423_SC68	4529	1093207	241.38	0	804
BdenJEL423_SC68_region	4529	1093207	241.38	0	804
BdenJEL423_SC69	2608	459573	176.22	0	1234
BdenJEL423_SC69_region	2608	459573	176.22	0	1234
BdenJEL423_mito	175284	146163335	833.87	0	2910
BdenJEL423_mito_region	175284	146163335	833.87	0	2910
total	23897668	1340038742	56.07	0	3833
total_region	23897668	1340038742	56.07	0	3833
