chrom	length	bases	mean	min	max
BdenJEL423_SC01	4440149	109802480	24.73	0	610
BdenJEL423_SC01_region	4440149	109802480	24.73	0	610
BdenJEL423_SC02	2313122	82505307	35.67	0	1169
BdenJEL423_SC02_region	2313122	82505307	35.67	0	1169
BdenJEL423_SC03	1829408	66345868	36.27	0	941
BdenJEL423_SC03_region	1829408	66345868	36.27	0	941
BdenJEL423_SC04	1803316	43316527	24.02	0	794
BdenJEL423_SC04_region	1803316	43316527	24.02	0	794
BdenJEL423_SC05	1707251	44284005	25.94	0	1816
BdenJEL423_SC05_region	1707251	44284005	25.94	0	1816
BdenJEL423_SC06	1545501	42318053	27.38	0	761
BdenJEL423_SC06_region	1545501	42318053	27.38	0	761
BdenJEL423_SC07	1398854	34746057	24.84	0	724
BdenJEL423_SC07_region	1398854	34746057	24.84	0	724
BdenJEL423_SC08	1069847	27060245	25.29	0	507
BdenJEL423_SC08_region	1069847	27060245	25.29	0	507
BdenJEL423_SC09	1057463	25597803	24.21	0	764
BdenJEL423_SC09_region	1057463	25597803	24.21	0	764
BdenJEL423_SC10	1012305	23094528	22.81	0	400
BdenJEL423_SC10_region	1012305	23094528	22.81	0	400
BdenJEL423_SC11	979369	21916389	22.38	0	1140
BdenJEL423_SC11_region	979369	21916389	22.38	0	1140
BdenJEL423_SC12	937107	21994064	23.47	0	654
BdenJEL423_SC12_region	937107	21994064	23.47	0	654
BdenJEL423_SC13	898261	24482651	27.26	0	1231
BdenJEL423_SC13_region	898261	24482651	27.26	0	1231
BdenJEL423_SC14	857155	58277866	67.99	0	4608
BdenJEL423_SC14_region	857155	58277866	67.99	0	4608
BdenJEL423_SC15	557602	14067264	25.23	0	481
BdenJEL423_SC15_region	557602	14067264	25.23	0	481
BdenJEL423_SC16	498254	12080863	24.25	0	579
BdenJEL423_SC16_region	498254	12080863	24.25	0	579
BdenJEL423_SC17	243426	7032764	28.89	0	383
BdenJEL423_SC17_region	243426	7032764	28.89	0	383
BdenJEL423_SC18	48566	2124410	43.74	0	471
BdenJEL423_SC18_region	48566	2124410	43.74	0	471
BdenJEL423_SC19	69118	1297688	18.77	0	317
BdenJEL423_SC19_region	69118	1297688	18.77	0	317
BdenJEL423_SC20	45066	1875991	41.63	0	574
BdenJEL423_SC20_region	45066	1875991	41.63	0	574
BdenJEL423_SC21	28371	557592	19.65	1	42
BdenJEL423_SC21_region	28371	557592	19.65	1	42
BdenJEL423_SC22	17531	371430	21.19	0	67
BdenJEL423_SC22_region	17531	371430	21.19	0	67
BdenJEL423_SC23	15724	1349974	85.85	0	648
BdenJEL423_SC23_region	15724	1349974	85.85	0	648
BdenJEL423_SC24	15635	431536	27.60	0	219
BdenJEL423_SC24_region	15635	431536	27.60	0	219
BdenJEL423_SC25	13302	345710	25.99	0	171
BdenJEL423_SC25_region	13302	345710	25.99	0	171
BdenJEL423_SC26	12287	355283	28.92	0	104
BdenJEL423_SC26_region	12287	355283	28.92	0	104
BdenJEL423_SC27	11745	1158898	98.67	0	779
BdenJEL423_SC27_region	11745	1158898	98.67	0	779
BdenJEL423_SC28	11715	324898	27.73	0	70
BdenJEL423_SC28_region	11715	324898	27.73	0	70
BdenJEL423_SC29	10519	227382	21.62	0	102
BdenJEL423_SC29_region	10519	227382	21.62	0	102
BdenJEL423_SC30	9825	292231	29.74	0	130
BdenJEL423_SC30_region	9825	292231	29.74	0	130
BdenJEL423_SC31	9499	242101	25.49	0	107
BdenJEL423_SC31_region	9499	242101	25.49	0	107
BdenJEL423_SC32	9394	591628	62.98	0	354
BdenJEL423_SC32_region	9394	591628	62.98	0	354
BdenJEL423_SC33	8891	172562	19.41	0	49
BdenJEL423_SC33_region	8891	172562	19.41	0	49
BdenJEL423_SC34	8868	847615	95.58	0	240
BdenJEL423_SC34_region	8868	847615	95.58	0	240
BdenJEL423_SC35	14477	1828641	126.31	0	1145
BdenJEL423_SC35_region	14477	1828641	126.31	0	1145
BdenJEL423_SC36	8411	210506	25.03	0	88
BdenJEL423_SC36_region	8411	210506	25.03	0	88
BdenJEL423_SC37	8246	90132	10.93	0	39
BdenJEL423_SC37_region	8246	90132	10.93	0	39
BdenJEL423_SC38	7919	195216	24.65	0	81
BdenJEL423_SC38_region	7919	195216	24.65	0	81
BdenJEL423_SC39	7486	538729	71.96	0	322
BdenJEL423_SC39_region	7486	538729	71.96	0	322
BdenJEL423_SC40	7373	67408	9.14	0	90
BdenJEL423_SC40_region	7373	67408	9.14	0	90
BdenJEL423_SC41	7250	9460384	1304.88	2	2117
BdenJEL423_SC41_region	7250	9460384	1304.88	2	2117
BdenJEL423_SC42	7213	148344	20.57	0	59
BdenJEL423_SC42_region	7213	148344	20.57	0	59
BdenJEL423_SC43	7203	175633	24.38	0	59
BdenJEL423_SC43_region	7203	175633	24.38	0	59
BdenJEL423_SC44	7151	133936	18.73	0	74
BdenJEL423_SC44_region	7151	133936	18.73	0	74
BdenJEL423_SC45	7120	136053	19.11	0	43
BdenJEL423_SC45_region	7120	136053	19.11	0	43
BdenJEL423_SC46	7014	126801	18.08	0	55
BdenJEL423_SC46_region	7014	126801	18.08	0	55
BdenJEL423_SC47	6856	1019950	148.77	0	670
BdenJEL423_SC47_region	6856	1019950	148.77	0	670
BdenJEL423_SC48	6834	203382	29.76	0	70
BdenJEL423_SC48_region	6834	203382	29.76	0	70
BdenJEL423_SC49	6519	1114159	170.91	0	530
BdenJEL423_SC49_region	6519	1114159	170.91	0	530
BdenJEL423_SC50	6174	178246	28.87	0	79
BdenJEL423_SC50_region	6174	178246	28.87	0	79
BdenJEL423_SC51	6095	1470031	241.19	0	1493
BdenJEL423_SC51_region	6095	1470031	241.19	0	1493
BdenJEL423_SC52	6071	81037	13.35	0	28
BdenJEL423_SC52_region	6071	81037	13.35	0	28
BdenJEL423_SC53	6016	822869	136.78	0	530
BdenJEL423_SC53_region	6016	822869	136.78	0	530
BdenJEL423_SC54	5992	1855931	309.73	0	1224
BdenJEL423_SC54_region	5992	1855931	309.73	0	1224
BdenJEL423_SC55	5977	65387	10.94	0	27
BdenJEL423_SC55_region	5977	65387	10.94	0	27
BdenJEL423_SC56	5808	209589	36.09	0	104
BdenJEL423_SC56_region	5808	209589	36.09	0	104
BdenJEL423_SC57	5752	1083253	188.33	0	791
BdenJEL423_SC57_region	5752	1083253	188.33	0	791
BdenJEL423_SC58	8484	4077158	480.57	0	7002
BdenJEL423_SC58_region	8484	4077158	480.57	0	7002
BdenJEL423_SC59	5694	227296	39.92	0	102
BdenJEL423_SC59_region	5694	227296	39.92	0	102
BdenJEL423_SC60	5543	82779	14.93	0	119
BdenJEL423_SC60_region	5543	82779	14.93	0	119
BdenJEL423_SC61	5512	66940	12.14	0	95
BdenJEL423_SC61_region	5512	66940	12.14	0	95
BdenJEL423_SC62	5380	160579	29.85	1	136
BdenJEL423_SC62_region	5380	160579	29.85	1	136
BdenJEL423_SC63	5288	99531	18.82	0	63
BdenJEL423_SC63_region	5288	99531	18.82	0	63
BdenJEL423_SC64	5189	278348	53.64	0	245
BdenJEL423_SC64_region	5189	278348	53.64	0	245
BdenJEL423_SC65	5077	948747	186.87	0	534
BdenJEL423_SC65_region	5077	948747	186.87	0	534
BdenJEL423_SC66	4922	256647	52.14	0	261
BdenJEL423_SC66_region	4922	256647	52.14	0	261
BdenJEL423_SC67	4755	69369	14.59	0	41
BdenJEL423_SC67_region	4755	69369	14.59	0	41
BdenJEL423_SC68	4529	712225	157.26	0	454
BdenJEL423_SC68_region	4529	712225	157.26	0	454
BdenJEL423_SC69	2608	624942	239.62	0	601
BdenJEL423_SC69_region	2608	624942	239.62	0	601
BdenJEL423_mito	175284	136129730	776.62	0	4423
BdenJEL423_mito_region	175284	136129730	776.62	0	4423
total	23897668	836439571	35.00	0	7002
total_region	23897668	836439571	35.00	0	7002
