chrom	length	bases	mean	min	max
BdenJEL423_SC01	4440149	145887981	32.86	0	465
BdenJEL423_SC01_region	4440149	145887981	32.86	0	465
BdenJEL423_SC02	2313122	117785773	50.92	0	1408
BdenJEL423_SC02_region	2313122	117785773	50.92	0	1408
BdenJEL423_SC03	1829408	77561582	42.40	0	773
BdenJEL423_SC03_region	1829408	77561582	42.40	0	773
BdenJEL423_SC04	1803316	57304326	31.78	0	540
BdenJEL423_SC04_region	1803316	57304326	31.78	0	540
BdenJEL423_SC05	1707251	75411481	44.17	0	1614
BdenJEL423_SC05_region	1707251	75411481	44.17	0	1614
BdenJEL423_SC06	1545501	51482565	33.31	0	531
BdenJEL423_SC06_region	1545501	51482565	33.31	0	531
BdenJEL423_SC07	1398854	42782633	30.58	0	511
BdenJEL423_SC07_region	1398854	42782633	30.58	0	511
BdenJEL423_SC08	1069847	42017374	39.27	0	944
BdenJEL423_SC08_region	1069847	42017374	39.27	0	944
BdenJEL423_SC09	1057463	32872142	31.09	0	349
BdenJEL423_SC09_region	1057463	32872142	31.09	0	349
BdenJEL423_SC10	1012305	29057966	28.70	0	765
BdenJEL423_SC10_region	1012305	29057966	28.70	0	765
BdenJEL423_SC11	979369	27473796	28.05	0	1290
BdenJEL423_SC11_region	979369	27473796	28.05	0	1290
BdenJEL423_SC12	937107	27406981	29.25	0	356
BdenJEL423_SC12_region	937107	27406981	29.25	0	356
BdenJEL423_SC13	898261	30657731	34.13	0	1315
BdenJEL423_SC13_region	898261	30657731	34.13	0	1315
BdenJEL423_SC14	857155	46235062	53.94	0	4670
BdenJEL423_SC14_region	857155	46235062	53.94	0	4670
BdenJEL423_SC15	557602	19184824	34.41	0	599
BdenJEL423_SC15_region	557602	19184824	34.41	0	599
BdenJEL423_SC16	498254	11698213	23.48	0	351
BdenJEL423_SC16_region	498254	11698213	23.48	0	351
BdenJEL423_SC17	243426	6437746	26.45	0	341
BdenJEL423_SC17_region	243426	6437746	26.45	0	341
BdenJEL423_SC18	48566	2158525	44.45	0	420
BdenJEL423_SC18_region	48566	2158525	44.45	0	420
BdenJEL423_SC19	69118	1778576	25.73	0	291
BdenJEL423_SC19_region	69118	1778576	25.73	0	291
BdenJEL423_SC20	45066	1388101	30.80	0	449
BdenJEL423_SC20_region	45066	1388101	30.80	0	449
BdenJEL423_SC21	28371	769844	27.13	0	49
BdenJEL423_SC21_region	28371	769844	27.13	0	49
BdenJEL423_SC22	17531	540343	30.82	1	117
BdenJEL423_SC22_region	17531	540343	30.82	1	117
BdenJEL423_SC23	15724	1115032	70.91	0	267
BdenJEL423_SC23_region	15724	1115032	70.91	0	267
BdenJEL423_SC24	15635	662227	42.36	0	129
BdenJEL423_SC24_region	15635	662227	42.36	0	129
BdenJEL423_SC25	13302	467391	35.14	0	131
BdenJEL423_SC25_region	13302	467391	35.14	0	131
BdenJEL423_SC26	12287	504877	41.09	0	143
BdenJEL423_SC26_region	12287	504877	41.09	0	143
BdenJEL423_SC27	11745	773827	65.89	0	268
BdenJEL423_SC27_region	11745	773827	65.89	0	268
BdenJEL423_SC28	11715	290660	24.81	0	74
BdenJEL423_SC28_region	11715	290660	24.81	0	74
BdenJEL423_SC29	10519	320674	30.49	0	119
BdenJEL423_SC29_region	10519	320674	30.49	0	119
BdenJEL423_SC30	9825	361254	36.77	0	189
BdenJEL423_SC30_region	9825	361254	36.77	0	189
BdenJEL423_SC31	9499	270195	28.44	0	111
BdenJEL423_SC31_region	9499	270195	28.44	0	111
BdenJEL423_SC32	9394	694790	73.96	0	388
BdenJEL423_SC32_region	9394	694790	73.96	0	388
BdenJEL423_SC33	8891	322691	36.29	0	97
BdenJEL423_SC33_region	8891	322691	36.29	0	97
BdenJEL423_SC34	8868	633830	71.47	0	158
BdenJEL423_SC34_region	8868	633830	71.47	0	158
BdenJEL423_SC35	14477	966266	66.74	0	749
BdenJEL423_SC35_region	14477	966266	66.74	0	749
BdenJEL423_SC36	8411	334169	39.73	0	128
BdenJEL423_SC36_region	8411	334169	39.73	0	128
BdenJEL423_SC37	8246	156534	18.98	0	76
BdenJEL423_SC37_region	8246	156534	18.98	0	76
BdenJEL423_SC38	7919	246866	31.17	0	79
BdenJEL423_SC38_region	7919	246866	31.17	0	79
BdenJEL423_SC39	7486	517782	69.17	0	316
BdenJEL423_SC39_region	7486	517782	69.17	0	316
BdenJEL423_SC40	7373	206496	28.01	0	83
BdenJEL423_SC40_region	7373	206496	28.01	0	83
BdenJEL423_SC41	7250	12148045	1675.59	0	3126
BdenJEL423_SC41_region	7250	12148045	1675.59	0	3126
BdenJEL423_SC42	7213	218500	30.29	0	72
BdenJEL423_SC42_region	7213	218500	30.29	0	72
BdenJEL423_SC43	7203	184640	25.63	0	55
BdenJEL423_SC43_region	7203	184640	25.63	0	55
BdenJEL423_SC44	7151	213825	29.90	0	105
BdenJEL423_SC44_region	7151	213825	29.90	0	105
BdenJEL423_SC45	7120	193886	27.23	0	60
BdenJEL423_SC45_region	7120	193886	27.23	0	60
BdenJEL423_SC46	7014	211747	30.19	0	72
BdenJEL423_SC46_region	7014	211747	30.19	0	72
BdenJEL423_SC47	6856	582041	84.90	0	466
BdenJEL423_SC47_region	6856	582041	84.90	0	466
BdenJEL423_SC48	6834	266827	39.04	0	92
BdenJEL423_SC48_region	6834	266827	39.04	0	92
BdenJEL423_SC49	6519	652664	100.12	0	670
BdenJEL423_SC49_region	6519	652664	100.12	0	670
BdenJEL423_SC50	6174	250581	40.59	0	105
BdenJEL423_SC50_region	6174	250581	40.59	0	105
BdenJEL423_SC51	6095	593168	97.32	0	655
BdenJEL423_SC51_region	6095	593168	97.32	0	655
BdenJEL423_SC52	6071	115842	19.08	0	59
BdenJEL423_SC52_region	6071	115842	19.08	0	59
BdenJEL423_SC53	6016	382566	63.59	0	465
BdenJEL423_SC53_region	6016	382566	63.59	0	465
BdenJEL423_SC54	5992	1031636	172.17	0	681
BdenJEL423_SC54_region	5992	1031636	172.17	0	681
BdenJEL423_SC55	5977	69970	11.71	0	36
BdenJEL423_SC55_region	5977	69970	11.71	0	36
BdenJEL423_SC56	5808	205887	35.45	0	148
BdenJEL423_SC56_region	5808	205887	35.45	0	148
BdenJEL423_SC57	5752	555234	96.53	0	501
BdenJEL423_SC57_region	5752	555234	96.53	0	501
BdenJEL423_SC58	8484	4705543	554.64	0	6963
BdenJEL423_SC58_region	8484	4705543	554.64	0	6963
BdenJEL423_SC59	5694	321609	56.48	0	132
BdenJEL423_SC59_region	5694	321609	56.48	0	132
BdenJEL423_SC60	5543	116742	21.06	1	70
BdenJEL423_SC60_region	5543	116742	21.06	1	70
BdenJEL423_SC61	5512	144298	26.18	0	129
BdenJEL423_SC61_region	5512	144298	26.18	0	129
BdenJEL423_SC62	5380	196365	36.50	0	115
BdenJEL423_SC62_region	5380	196365	36.50	0	115
BdenJEL423_SC63	5288	107041	20.24	0	61
BdenJEL423_SC63_region	5288	107041	20.24	0	61
BdenJEL423_SC64	5189	249520	48.09	1	229
BdenJEL423_SC64_region	5189	249520	48.09	1	229
BdenJEL423_SC65	5077	1229420	242.15	0	752
BdenJEL423_SC65_region	5077	1229420	242.15	0	752
BdenJEL423_SC66	4922	215393	43.76	0	180
BdenJEL423_SC66_region	4922	215393	43.76	0	180
BdenJEL423_SC67	4755	90211	18.97	0	56
BdenJEL423_SC67_region	4755	90211	18.97	0	56
BdenJEL423_SC68	4529	541816	119.63	0	413
BdenJEL423_SC68_region	4529	541816	119.63	0	413
BdenJEL423_SC69	2608	275426	105.61	0	320
BdenJEL423_SC69_region	2608	275426	105.61	0	320
BdenJEL423_mito	175284	219970950	1254.94	0	3842
BdenJEL423_mito_region	175284	219970950	1254.94	0	3842
total	23897668	1102780519	46.15	0	6963
total_region	23897668	1102780519	46.15	0	6963
