chrom	length	bases	mean	min	max
BdenJEL423_SC01	4440149	322456453	72.62	0	1687
BdenJEL423_SC01_region	4440149	322456453	72.62	0	1687
BdenJEL423_SC02	2313122	225317437	97.41	0	3479
BdenJEL423_SC02_region	2313122	225317437	97.41	0	3479
BdenJEL423_SC03	1829408	140809559	76.97	0	4102
BdenJEL423_SC03_region	1829408	140809559	76.97	0	4102
BdenJEL423_SC04	1803316	97749410	54.21	0	900
BdenJEL423_SC04_region	1803316	97749410	54.21	0	900
BdenJEL423_SC05	1707251	95733288	56.07	0	2954
BdenJEL423_SC05_region	1707251	95733288	56.07	0	2954
BdenJEL423_SC06	1545501	88477961	57.25	0	1933
BdenJEL423_SC06_region	1545501	88477961	57.25	0	1933
BdenJEL423_SC07	1398854	100917881	72.14	0	3614
BdenJEL423_SC07_region	1398854	100917881	72.14	0	3614
BdenJEL423_SC08	1069847	80114252	74.88	0	3926
BdenJEL423_SC08_region	1069847	80114252	74.88	0	3926
BdenJEL423_SC09	1057463	55778472	52.75	0	610
BdenJEL423_SC09_region	1057463	55778472	52.75	0	610
BdenJEL423_SC10	1012305	57031411	56.34	0	1922
BdenJEL423_SC10_region	1012305	57031411	56.34	0	1922
BdenJEL423_SC11	979369	53821796	54.96	0	2773
BdenJEL423_SC11_region	979369	53821796	54.96	0	2773
BdenJEL423_SC12	937107	52240814	55.75	0	651
BdenJEL423_SC12_region	937107	52240814	55.75	0	651
BdenJEL423_SC13	898261	64031589	71.28	0	2667
BdenJEL423_SC13_region	898261	64031589	71.28	0	2667
BdenJEL423_SC14	857155	122996669	143.49	0	3798
BdenJEL423_SC14_region	857155	122996669	143.49	0	3798
BdenJEL423_SC15	557602	52742209	94.59	0	2513
BdenJEL423_SC15_region	557602	52742209	94.59	0	2513
BdenJEL423_SC16	498254	33450659	67.14	0	1692
BdenJEL423_SC16_region	498254	33450659	67.14	0	1692
BdenJEL423_SC17	243426	18573675	76.30	0	530
BdenJEL423_SC17_region	243426	18573675	76.30	0	530
BdenJEL423_SC18	48566	5453546	112.29	0	2122
BdenJEL423_SC18_region	48566	5453546	112.29	0	2122
BdenJEL423_SC19	69118	2967081	42.93	0	510
BdenJEL423_SC19_region	69118	2967081	42.93	0	510
BdenJEL423_SC20	45066	4027547	89.37	0	661
BdenJEL423_SC20_region	45066	4027547	89.37	0	661
BdenJEL423_SC21	28371	1500095	52.87	0	153
BdenJEL423_SC21_region	28371	1500095	52.87	0	153
BdenJEL423_SC22	17531	1202819	68.61	0	447
BdenJEL423_SC22_region	17531	1202819	68.61	0	447
BdenJEL423_SC23	15724	2764950	175.84	0	941
BdenJEL423_SC23_region	15724	2764950	175.84	0	941
BdenJEL423_SC24	15635	1426991	91.27	0	444
BdenJEL423_SC24_region	15635	1426991	91.27	0	444
BdenJEL423_SC25	13302	1362545	102.43	0	391
BdenJEL423_SC25_region	13302	1362545	102.43	0	391
BdenJEL423_SC26	12287	840943	68.44	0	226
BdenJEL423_SC26_region	12287	840943	68.44	0	226
BdenJEL423_SC27	11745	3349957	285.22	0	4183
BdenJEL423_SC27_region	11745	3349957	285.22	0	4183
BdenJEL423_SC28	11715	1141099	97.40	0	310
BdenJEL423_SC28_region	11715	1141099	97.40	0	310
BdenJEL423_SC29	10519	917358	87.21	0	407
BdenJEL423_SC29_region	10519	917358	87.21	0	407
BdenJEL423_SC30	9825	647965	65.95	0	280
BdenJEL423_SC30_region	9825	647965	65.95	0	280
BdenJEL423_SC31	9499	502562	52.91	0	253
BdenJEL423_SC31_region	9499	502562	52.91	0	253
BdenJEL423_SC32	9394	1722457	183.36	0	1226
BdenJEL423_SC32_region	9394	1722457	183.36	0	1226
BdenJEL423_SC33	8891	344446	38.74	0	133
BdenJEL423_SC33_region	8891	344446	38.74	0	133
BdenJEL423_SC34	8868	718978	81.08	0	295
BdenJEL423_SC34_region	8868	718978	81.08	0	295
BdenJEL423_SC35	14477	3712748	256.46	0	2731
BdenJEL423_SC35_region	14477	3712748	256.46	0	2731
BdenJEL423_SC36	8411	728651	86.63	0	358
BdenJEL423_SC36_region	8411	728651	86.63	0	358
BdenJEL423_SC37	8246	489467	59.36	0	234
BdenJEL423_SC37_region	8246	489467	59.36	0	234
BdenJEL423_SC38	7919	513641	64.86	0	210
BdenJEL423_SC38_region	7919	513641	64.86	0	210
BdenJEL423_SC39	7486	1672420	223.41	0	3550
BdenJEL423_SC39_region	7486	1672420	223.41	0	3550
BdenJEL423_SC40	7373	226171	30.68	0	123
BdenJEL423_SC40_region	7373	226171	30.68	0	123
BdenJEL423_SC41	7250	5809542	801.32	0	2220
BdenJEL423_SC41_region	7250	5809542	801.32	0	2220
BdenJEL423_SC42	7213	586390	81.30	0	246
BdenJEL423_SC42_region	7213	586390	81.30	0	246
BdenJEL423_SC43	7203	422222	58.62	0	203
BdenJEL423_SC43_region	7203	422222	58.62	0	203
BdenJEL423_SC44	7151	430028	60.14	0	327
BdenJEL423_SC44_region	7151	430028	60.14	0	327
BdenJEL423_SC45	7120	306311	43.02	0	307
BdenJEL423_SC45_region	7120	306311	43.02	0	307
BdenJEL423_SC46	7014	488590	69.66	0	357
BdenJEL423_SC46_region	7014	488590	69.66	0	357
BdenJEL423_SC47	6856	1580046	230.46	0	1952
BdenJEL423_SC47_region	6856	1580046	230.46	0	1952
BdenJEL423_SC48	6834	820385	120.04	0	310
BdenJEL423_SC48_region	6834	820385	120.04	0	310
BdenJEL423_SC49	6519	3009205	461.61	0	2737
BdenJEL423_SC49_region	6519	3009205	461.61	0	2737
BdenJEL423_SC50	6174	470750	76.25	0	425
BdenJEL423_SC50_region	6174	470750	76.25	0	425
BdenJEL423_SC51	6095	2298295	377.08	0	2834
BdenJEL423_SC51_region	6095	2298295	377.08	0	2834
BdenJEL423_SC52	6071	389397	64.14	0	428
BdenJEL423_SC52_region	6071	389397	64.14	0	428
BdenJEL423_SC53	6016	2155013	358.21	0	3066
BdenJEL423_SC53_region	6016	2155013	358.21	0	3066
BdenJEL423_SC54	5992	3026745	505.13	0	2229
BdenJEL423_SC54_region	5992	3026745	505.13	0	2229
BdenJEL423_SC55	5977	273160	45.70	0	172
BdenJEL423_SC55_region	5977	273160	45.70	0	172
BdenJEL423_SC56	5808	616814	106.20	0	342
BdenJEL423_SC56_region	5808	616814	106.20	0	342
BdenJEL423_SC57	5752	1696471	294.94	0	2121
BdenJEL423_SC57_region	5752	1696471	294.94	0	2121
BdenJEL423_SC58	8484	3524295	415.40	0	3231
BdenJEL423_SC58_region	8484	3524295	415.40	0	3231
BdenJEL423_SC59	5694	607477	106.69	0	332
BdenJEL423_SC59_region	5694	607477	106.69	0	332
BdenJEL423_SC60	5543	210042	37.89	0	169
BdenJEL423_SC60_region	5543	210042	37.89	0	169
BdenJEL423_SC61	5512	469755	85.22	0	234
BdenJEL423_SC61_region	5512	469755	85.22	0	234
BdenJEL423_SC62	5380	603764	112.22	0	524
BdenJEL423_SC62_region	5380	603764	112.22	0	524
BdenJEL423_SC63	5288	283647	53.64	0	336
BdenJEL423_SC63_region	5288	283647	53.64	0	336
BdenJEL423_SC64	5189	441358	85.06	0	249
BdenJEL423_SC64_region	5189	441358	85.06	0	249
BdenJEL423_SC65	5077	2307846	454.57	0	1242
BdenJEL423_SC65_region	5077	2307846	454.57	0	1242
BdenJEL423_SC66	4922	315994	64.20	0	290
BdenJEL423_SC66_region	4922	315994	64.20	0	290
BdenJEL423_SC67	4755	296401	62.33	0	271
BdenJEL423_SC67_region	4755	296401	62.33	0	271
BdenJEL423_SC68	4529	2765669	610.66	0	2328
BdenJEL423_SC68_region	4529	2765669	610.66	0	2328
BdenJEL423_SC69	2608	877583	336.50	0	2855
BdenJEL423_SC69_region	2608	877583	336.50	0	2855
BdenJEL423_mito	175284	144274355	823.09	0	2907
BdenJEL423_mito_region	175284	144274355	823.09	0	2907
total	23897668	1881835522	78.75	0	4183
total_region	23897668	1881835522	78.75	0	4183
