chrom	length	bases	mean	min	max
BdenJEL423_SC01	4440149	310142739	69.85	0	507
BdenJEL423_SC01_region	4440149	310142739	69.85	0	507
BdenJEL423_SC02	2313122	195650564	84.58	0	1653
BdenJEL423_SC02_region	2313122	195650564	84.58	0	1653
BdenJEL423_SC03	1829408	146898892	80.30	0	1366
BdenJEL423_SC03_region	1829408	146898892	80.30	0	1366
BdenJEL423_SC04	1803316	122975530	68.19	0	295
BdenJEL423_SC04_region	1803316	122975530	68.19	0	295
BdenJEL423_SC05	1707251	143584860	84.10	0	1316
BdenJEL423_SC05_region	1707251	143584860	84.10	0	1316
BdenJEL423_SC06	1545501	108678173	70.32	0	862
BdenJEL423_SC06_region	1545501	108678173	70.32	0	862
BdenJEL423_SC07	1398854	101562933	72.60	0	493
BdenJEL423_SC07_region	1398854	101562933	72.60	0	493
BdenJEL423_SC08	1069847	80424855	75.17	0	2228
BdenJEL423_SC08_region	1069847	80424855	75.17	0	2228
BdenJEL423_SC09	1057463	70919501	67.07	0	332
BdenJEL423_SC09_region	1057463	70919501	67.07	0	332
BdenJEL423_SC10	1012305	70890822	70.03	0	322
BdenJEL423_SC10_region	1012305	70890822	70.03	0	322
BdenJEL423_SC11	979369	64789590	66.15	0	690
BdenJEL423_SC11_region	979369	64789590	66.15	0	690
BdenJEL423_SC12	937107	66019452	70.45	0	330
BdenJEL423_SC12_region	937107	66019452	70.45	0	330
BdenJEL423_SC13	898261	75324384	83.86	0	1712
BdenJEL423_SC13_region	898261	75324384	83.86	0	1712
BdenJEL423_SC14	857155	120080102	140.09	0	6351
BdenJEL423_SC14_region	857155	120080102	140.09	0	6351
BdenJEL423_SC15	557602	38360512	68.80	0	332
BdenJEL423_SC15_region	557602	38360512	68.80	0	332
BdenJEL423_SC16	498254	33308990	66.85	0	300
BdenJEL423_SC16_region	498254	33308990	66.85	0	300
BdenJEL423_SC17	243426	16758184	68.84	0	216
BdenJEL423_SC17_region	243426	16758184	68.84	0	216
BdenJEL423_SC18	48566	3886396	80.02	0	952
BdenJEL423_SC18_region	48566	3886396	80.02	0	952
BdenJEL423_SC19	69118	2949926	42.68	0	174
BdenJEL423_SC19_region	69118	2949926	42.68	0	174
BdenJEL423_SC20	45066	4055119	89.98	0	302
BdenJEL423_SC20_region	45066	4055119	89.98	0	302
BdenJEL423_SC21	28371	2234765	78.77	0	126
BdenJEL423_SC21_region	28371	2234765	78.77	0	126
BdenJEL423_SC22	17531	961859	54.87	1	240
BdenJEL423_SC22_region	17531	961859	54.87	1	240
BdenJEL423_SC23	15724	1743665	110.89	0	448
BdenJEL423_SC23_region	15724	1743665	110.89	0	448
BdenJEL423_SC24	15635	1015661	64.96	0	199
BdenJEL423_SC24_region	15635	1015661	64.96	0	199
BdenJEL423_SC25	13302	1206105	90.67	0	311
BdenJEL423_SC25_region	13302	1206105	90.67	0	311
BdenJEL423_SC26	12287	855486	69.63	0	227
BdenJEL423_SC26_region	12287	855486	69.63	0	227
BdenJEL423_SC27	11745	1796499	152.96	0	706
BdenJEL423_SC27_region	11745	1796499	152.96	0	706
BdenJEL423_SC28	11715	687359	58.67	0	137
BdenJEL423_SC28_region	11715	687359	58.67	0	137
BdenJEL423_SC29	10519	423092	40.22	0	84
BdenJEL423_SC29_region	10519	423092	40.22	0	84
BdenJEL423_SC30	9825	452936	46.10	0	110
BdenJEL423_SC30_region	9825	452936	46.10	0	110
BdenJEL423_SC31	9499	672757	70.82	0	165
BdenJEL423_SC31_region	9499	672757	70.82	0	165
BdenJEL423_SC32	9394	1012857	107.82	0	335
BdenJEL423_SC32_region	9394	1012857	107.82	0	335
BdenJEL423_SC33	8891	609174	68.52	0	125
BdenJEL423_SC33_region	8891	609174	68.52	0	125
BdenJEL423_SC34	8868	558743	63.01	0	185
BdenJEL423_SC34_region	8868	558743	63.01	0	185
BdenJEL423_SC35	14477	3418976	236.17	0	1368
BdenJEL423_SC35_region	14477	3418976	236.17	0	1368
BdenJEL423_SC36	8411	516083	61.36	1	127
BdenJEL423_SC36_region	8411	516083	61.36	1	127
BdenJEL423_SC37	8246	320992	38.93	0	104
BdenJEL423_SC37_region	8246	320992	38.93	0	104
BdenJEL423_SC38	7919	488094	61.64	0	111
BdenJEL423_SC38_region	7919	488094	61.64	0	111
BdenJEL423_SC39	7486	541315	72.31	0	238
BdenJEL423_SC39_region	7486	541315	72.31	0	238
BdenJEL423_SC40	7373	435169	59.02	0	111
BdenJEL423_SC40_region	7373	435169	59.02	0	111
BdenJEL423_SC41	7250	8322109	1147.88	4	2040
BdenJEL423_SC41_region	7250	8322109	1147.88	4	2040
BdenJEL423_SC42	7213	602432	83.52	0	191
BdenJEL423_SC42_region	7213	602432	83.52	0	191
BdenJEL423_SC43	7203	316478	43.94	0	126
BdenJEL423_SC43_region	7203	316478	43.94	0	126
BdenJEL423_SC44	7151	386357	54.03	0	220
BdenJEL423_SC44_region	7151	386357	54.03	0	220
BdenJEL423_SC45	7120	459449	64.53	0	144
BdenJEL423_SC45_region	7120	459449	64.53	0	144
BdenJEL423_SC46	7014	343548	48.98	0	114
BdenJEL423_SC46_region	7014	343548	48.98	0	114
BdenJEL423_SC47	6856	1301409	189.82	0	645
BdenJEL423_SC47_region	6856	1301409	189.82	0	645
BdenJEL423_SC48	6834	615040	90.00	0	189
BdenJEL423_SC48_region	6834	615040	90.00	0	189
BdenJEL423_SC49	6519	901661	138.31	0	704
BdenJEL423_SC49_region	6519	901661	138.31	0	704
BdenJEL423_SC50	6174	358469	58.06	0	115
BdenJEL423_SC50_region	6174	358469	58.06	0	115
BdenJEL423_SC51	6095	1838523	301.64	0	1089
BdenJEL423_SC51_region	6095	1838523	301.64	0	1089
BdenJEL423_SC52	6071	247123	40.71	6	77
BdenJEL423_SC52_region	6071	247123	40.71	6	77
BdenJEL423_SC53	6016	2413513	401.18	0	1026
BdenJEL423_SC53_region	6016	2413513	401.18	0	1026
BdenJEL423_SC54	5992	2467386	411.78	0	1566
BdenJEL423_SC54_region	5992	2467386	411.78	0	1566
BdenJEL423_SC55	5977	280592	46.95	0	117
BdenJEL423_SC55_region	5977	280592	46.95	0	117
BdenJEL423_SC56	5808	378133	65.11	1	199
BdenJEL423_SC56_region	5808	378133	65.11	1	199
BdenJEL423_SC57	5752	1249470	217.22	0	800
BdenJEL423_SC57_region	5752	1249470	217.22	0	800
BdenJEL423_SC58	8484	4616592	544.15	0	4207
BdenJEL423_SC58_region	8484	4616592	544.15	0	4207
BdenJEL423_SC59	5694	533624	93.72	0	234
BdenJEL423_SC59_region	5694	533624	93.72	0	234
BdenJEL423_SC60	5543	199437	35.98	2	85
BdenJEL423_SC60_region	5543	199437	35.98	2	85
BdenJEL423_SC61	5512	240049	43.55	0	85
BdenJEL423_SC61_region	5512	240049	43.55	0	85
BdenJEL423_SC62	5380	341087	63.40	1	197
BdenJEL423_SC62_region	5380	341087	63.40	1	197
BdenJEL423_SC63	5288	177846	33.63	0	143
BdenJEL423_SC63_region	5288	177846	33.63	0	143
BdenJEL423_SC64	5189	296354	57.11	0	116
BdenJEL423_SC64_region	5189	296354	57.11	0	116
BdenJEL423_SC65	5077	2579190	508.01	5	1729
BdenJEL423_SC65_region	5077	2579190	508.01	5	1729
BdenJEL423_SC66	4922	255618	51.93	0	127
BdenJEL423_SC66_region	4922	255618	51.93	0	127
BdenJEL423_SC67	4755	217686	45.78	0	102
BdenJEL423_SC67_region	4755	217686	45.78	0	102
BdenJEL423_SC68	4529	2690731	594.11	3	1807
BdenJEL423_SC68_region	4529	2690731	594.11	3	1807
BdenJEL423_SC69	2608	1238484	474.88	0	908
BdenJEL423_SC69_region	2608	1238484	474.88	0	908
BdenJEL423_mito	175284	147728995	842.80	0	1469
BdenJEL423_mito_region	175284	147728995	842.80	0	1469
total	23897668	1980810496	82.89	0	6351
total_region	23897668	1980810496	82.89	0	6351
