chrom	length	bases	mean	min	max
BdenJEL423_SC01	4440149	344851087	77.67	0	2700
BdenJEL423_SC01_region	4440149	344851087	77.67	0	2700
BdenJEL423_SC02	2313122	217352462	93.96	0	3471
BdenJEL423_SC02_region	2313122	217352462	93.96	0	3471
BdenJEL423_SC03	1829408	213183590	116.53	0	2447
BdenJEL423_SC03_region	1829408	213183590	116.53	0	2447
BdenJEL423_SC04	1803316	139579626	77.40	0	566
BdenJEL423_SC04_region	1803316	139579626	77.40	0	566
BdenJEL423_SC05	1707251	187341791	109.73	0	2409
BdenJEL423_SC05_region	1707251	187341791	109.73	0	2409
BdenJEL423_SC06	1545501	114229486	73.91	0	2086
BdenJEL423_SC06_region	1545501	114229486	73.91	0	2086
BdenJEL423_SC07	1398854	104483791	74.69	0	1350
BdenJEL423_SC07_region	1398854	104483791	74.69	0	1350
BdenJEL423_SC08	1069847	86760197	81.10	0	2401
BdenJEL423_SC08_region	1069847	86760197	81.10	0	2401
BdenJEL423_SC09	1057463	72697412	68.75	0	490
BdenJEL423_SC09_region	1057463	72697412	68.75	0	490
BdenJEL423_SC10	1012305	94412123	93.26	0	783
BdenJEL423_SC10_region	1012305	94412123	93.26	0	783
BdenJEL423_SC11	979369	70057010	71.53	0	692
BdenJEL423_SC11_region	979369	70057010	71.53	0	692
BdenJEL423_SC12	937107	69972037	74.67	0	1024
BdenJEL423_SC12_region	937107	69972037	74.67	0	1024
BdenJEL423_SC13	898261	81820950	91.09	0	6916
BdenJEL423_SC13_region	898261	81820950	91.09	0	6916
BdenJEL423_SC14	857155	101281630	118.16	0	5590
BdenJEL423_SC14_region	857155	101281630	118.16	0	5590
BdenJEL423_SC15	557602	46676835	83.71	0	786
BdenJEL423_SC15_region	557602	46676835	83.71	0	786
BdenJEL423_SC16	498254	33150172	66.53	0	554
BdenJEL423_SC16_region	498254	33150172	66.53	0	554
BdenJEL423_SC17	243426	17879174	73.45	0	524
BdenJEL423_SC17_region	243426	17879174	73.45	0	524
BdenJEL423_SC18	48566	4876271	100.41	0	1200
BdenJEL423_SC18_region	48566	4876271	100.41	0	1200
BdenJEL423_SC19	69118	3464213	50.12	0	363
BdenJEL423_SC19_region	69118	3464213	50.12	0	363
BdenJEL423_SC20	45066	4719187	104.72	0	536
BdenJEL423_SC20_region	45066	4719187	104.72	0	536
BdenJEL423_SC21	28371	2068375	72.90	0	161
BdenJEL423_SC21_region	28371	2068375	72.90	0	161
BdenJEL423_SC22	17531	998838	56.98	0	320
BdenJEL423_SC22_region	17531	998838	56.98	0	320
BdenJEL423_SC23	15724	2663256	169.38	0	808
BdenJEL423_SC23_region	15724	2663256	169.38	0	808
BdenJEL423_SC24	15635	1147442	73.39	0	489
BdenJEL423_SC24_region	15635	1147442	73.39	0	489
BdenJEL423_SC25	13302	1342415	100.92	0	489
BdenJEL423_SC25_region	13302	1342415	100.92	0	489
BdenJEL423_SC26	12287	1384615	112.69	0	353
BdenJEL423_SC26_region	12287	1384615	112.69	0	353
BdenJEL423_SC27	11745	1906755	162.35	0	933
BdenJEL423_SC27_region	11745	1906755	162.35	0	933
BdenJEL423_SC28	11715	772315	65.93	0	195
BdenJEL423_SC28_region	11715	772315	65.93	0	195
BdenJEL423_SC29	10519	617838	58.74	0	365
BdenJEL423_SC29_region	10519	617838	58.74	0	365
BdenJEL423_SC30	9825	848427	86.35	0	629
BdenJEL423_SC30_region	9825	848427	86.35	0	629
BdenJEL423_SC31	9499	502113	52.86	0	256
BdenJEL423_SC31_region	9499	502113	52.86	0	256
BdenJEL423_SC32	9394	1761030	187.46	0	1116
BdenJEL423_SC32_region	9394	1761030	187.46	0	1116
BdenJEL423_SC33	8891	742705	83.53	0	162
BdenJEL423_SC33_region	8891	742705	83.53	0	162
BdenJEL423_SC34	8868	604065	68.12	0	337
BdenJEL423_SC34_region	8868	604065	68.12	0	337
BdenJEL423_SC35	14477	2500504	172.72	0	1646
BdenJEL423_SC35_region	14477	2500504	172.72	0	1646
BdenJEL423_SC36	8411	533822	63.47	0	253
BdenJEL423_SC36_region	8411	533822	63.47	0	253
BdenJEL423_SC37	8246	586974	71.18	0	465
BdenJEL423_SC37_region	8246	586974	71.18	0	465
BdenJEL423_SC38	7919	562248	71.00	0	410
BdenJEL423_SC38_region	7919	562248	71.00	0	410
BdenJEL423_SC39	7486	1168787	156.13	0	2404
BdenJEL423_SC39_region	7486	1168787	156.13	0	2404
BdenJEL423_SC40	7373	397045	53.85	0	145
BdenJEL423_SC40_region	7373	397045	53.85	0	145
BdenJEL423_SC41	7250	5153810	710.87	0	1743
BdenJEL423_SC41_region	7250	5153810	710.87	0	1743
BdenJEL423_SC42	7213	415840	57.65	0	185
BdenJEL423_SC42_region	7213	415840	57.65	0	185
BdenJEL423_SC43	7203	279233	38.77	0	174
BdenJEL423_SC43_region	7203	279233	38.77	0	174
BdenJEL423_SC44	7151	731840	102.34	0	379
BdenJEL423_SC44_region	7151	731840	102.34	0	379
BdenJEL423_SC45	7120	512259	71.95	0	272
BdenJEL423_SC45_region	7120	512259	71.95	0	272
BdenJEL423_SC46	7014	306831	43.75	0	238
BdenJEL423_SC46_region	7014	306831	43.75	0	238
BdenJEL423_SC47	6856	1657072	241.70	1	924
BdenJEL423_SC47_region	6856	1657072	241.70	1	924
BdenJEL423_SC48	6834	845717	123.75	0	331
BdenJEL423_SC48_region	6834	845717	123.75	0	331
BdenJEL423_SC49	6519	2211131	339.18	0	1865
BdenJEL423_SC49_region	6519	2211131	339.18	0	1865
BdenJEL423_SC50	6174	358435	58.06	0	253
BdenJEL423_SC50_region	6174	358435	58.06	0	253
BdenJEL423_SC51	6095	1660690	272.47	0	922
BdenJEL423_SC51_region	6095	1660690	272.47	0	922
BdenJEL423_SC52	6071	415259	68.40	0	204
BdenJEL423_SC52_region	6071	415259	68.40	0	204
BdenJEL423_SC53	6016	654447	108.78	0	493
BdenJEL423_SC53_region	6016	654447	108.78	0	493
BdenJEL423_SC54	5992	3242167	541.08	0	3009
BdenJEL423_SC54_region	5992	3242167	541.08	0	3009
BdenJEL423_SC55	5977	336100	56.23	0	260
BdenJEL423_SC55_region	5977	336100	56.23	0	260
BdenJEL423_SC56	5808	417708	71.92	0	533
BdenJEL423_SC56_region	5808	417708	71.92	0	533
BdenJEL423_SC57	5752	1750394	304.31	0	1639
BdenJEL423_SC57_region	5752	1750394	304.31	0	1639
BdenJEL423_SC58	8484	4711262	555.31	0	2992
BdenJEL423_SC58_region	8484	4711262	555.31	0	2992
BdenJEL423_SC59	5694	799538	140.42	1	375
BdenJEL423_SC59_region	5694	799538	140.42	1	375
BdenJEL423_SC60	5543	279231	50.38	1	124
BdenJEL423_SC60_region	5543	279231	50.38	1	124
BdenJEL423_SC61	5512	384529	69.76	0	333
BdenJEL423_SC61_region	5512	384529	69.76	0	333
BdenJEL423_SC62	5380	257212	47.81	0	497
BdenJEL423_SC62_region	5380	257212	47.81	0	497
BdenJEL423_SC63	5288	212185	40.13	0	222
BdenJEL423_SC63_region	5288	212185	40.13	0	222
BdenJEL423_SC64	5189	412868	79.57	0	154
BdenJEL423_SC64_region	5189	412868	79.57	0	154
BdenJEL423_SC65	5077	2923249	575.78	0	2227
BdenJEL423_SC65_region	5077	2923249	575.78	0	2227
BdenJEL423_SC66	4922	274773	55.83	0	252
BdenJEL423_SC66_region	4922	274773	55.83	0	252
BdenJEL423_SC67	4755	204709	43.05	0	137
BdenJEL423_SC67_region	4755	204709	43.05	0	137
BdenJEL423_SC68	4529	1015631	224.25	0	1201
BdenJEL423_SC68_region	4529	1015631	224.25	0	1201
BdenJEL423_SC69	2608	296807	113.81	0	458
BdenJEL423_SC69_region	2608	296807	113.81	0	458
BdenJEL423_mito	175284	126260441	720.32	0	2894
BdenJEL423_mito_region	175284	126260441	720.32	0	2894
total	23897668	2190879981	91.68	0	6916
total_region	23897668	2190879981	91.68	0	6916
