chrom	length	bases	mean	min	max
BdenJEL423_SC01	4440149	429483593	96.73	0	4067
BdenJEL423_SC01_region	4440149	429483593	96.73	0	4067
BdenJEL423_SC02	2313122	358671066	155.06	0	6122
BdenJEL423_SC02_region	2313122	358671066	155.06	0	6122
BdenJEL423_SC03	1829408	239176101	130.74	0	4999
BdenJEL423_SC03_region	1829408	239176101	130.74	0	4999
BdenJEL423_SC04	1803316	155659063	86.32	0	737
BdenJEL423_SC04_region	1803316	155659063	86.32	0	737
BdenJEL423_SC05	1707251	174425377	102.17	0	3270
BdenJEL423_SC05_region	1707251	174425377	102.17	0	3270
BdenJEL423_SC06	1545501	141622058	91.64	0	3343
BdenJEL423_SC06_region	1545501	141622058	91.64	0	3343
BdenJEL423_SC07	1398854	135095263	96.58	0	2680
BdenJEL423_SC07_region	1398854	135095263	96.58	0	2680
BdenJEL423_SC08	1069847	125353469	117.17	0	5464
BdenJEL423_SC08_region	1069847	125353469	117.17	0	5464
BdenJEL423_SC09	1057463	88436475	83.63	0	556
BdenJEL423_SC09_region	1057463	88436475	83.63	0	556
BdenJEL423_SC10	1012305	104516063	103.25	0	1661
BdenJEL423_SC10_region	1012305	104516063	103.25	0	1661
BdenJEL423_SC11	979369	87554231	89.40	0	857
BdenJEL423_SC11_region	979369	87554231	89.40	0	857
BdenJEL423_SC12	937107	86417419	92.22	0	1319
BdenJEL423_SC12_region	937107	86417419	92.22	0	1319
BdenJEL423_SC13	898261	100433168	111.81	0	9305
BdenJEL423_SC13_region	898261	100433168	111.81	0	9305
BdenJEL423_SC14	857155	160242029	186.95	0	5597
BdenJEL423_SC14_region	857155	160242029	186.95	0	5597
BdenJEL423_SC15	557602	57590302	103.28	0	1571
BdenJEL423_SC15_region	557602	57590302	103.28	0	1571
BdenJEL423_SC16	498254	41613236	83.52	0	693
BdenJEL423_SC16_region	498254	41613236	83.52	0	693
BdenJEL423_SC17	243426	22085629	90.73	0	637
BdenJEL423_SC17_region	243426	22085629	90.73	0	637
BdenJEL423_SC18	48566	6490656	133.65	0	2142
BdenJEL423_SC18_region	48566	6490656	133.65	0	2142
BdenJEL423_SC19	69118	4629863	66.98	0	519
BdenJEL423_SC19_region	69118	4629863	66.98	0	519
BdenJEL423_SC20	45066	6040891	134.05	0	696
BdenJEL423_SC20_region	45066	6040891	134.05	0	696
BdenJEL423_SC21	28371	2476498	87.29	0	191
BdenJEL423_SC21_region	28371	2476498	87.29	0	191
BdenJEL423_SC22	17531	1251637	71.40	0	421
BdenJEL423_SC22_region	17531	1251637	71.40	0	421
BdenJEL423_SC23	15724	4247752	270.14	0	1988
BdenJEL423_SC23_region	15724	4247752	270.14	0	1988
BdenJEL423_SC24	15635	1680264	107.47	0	608
BdenJEL423_SC24_region	15635	1680264	107.47	0	608
BdenJEL423_SC25	13302	1666933	125.31	0	583
BdenJEL423_SC25_region	13302	1666933	125.31	0	583
BdenJEL423_SC26	12287	1726177	140.49	0	462
BdenJEL423_SC26_region	12287	1726177	140.49	0	462
BdenJEL423_SC27	11745	2702237	230.08	0	1911
BdenJEL423_SC27_region	11745	2702237	230.08	0	1911
BdenJEL423_SC28	11715	865203	73.85	0	236
BdenJEL423_SC28_region	11715	865203	73.85	0	236
BdenJEL423_SC29	10519	851037	80.90	0	489
BdenJEL423_SC29_region	10519	851037	80.90	0	489
BdenJEL423_SC30	9825	1045041	106.37	0	719
BdenJEL423_SC30_region	9825	1045041	106.37	0	719
BdenJEL423_SC31	9499	606691	63.87	0	266
BdenJEL423_SC31_region	9499	606691	63.87	0	266
BdenJEL423_SC32	9394	3035503	323.13	0	2585
BdenJEL423_SC32_region	9394	3035503	323.13	0	2585
BdenJEL423_SC33	8891	690469	77.66	0	144
BdenJEL423_SC33_region	8891	690469	77.66	0	144
BdenJEL423_SC34	8868	682157	76.92	0	314
BdenJEL423_SC34_region	8868	682157	76.92	0	314
BdenJEL423_SC35	14477	6150698	424.86	0	4325
BdenJEL423_SC35_region	14477	6150698	424.86	0	4325
BdenJEL423_SC36	8411	743199	88.36	0	361
BdenJEL423_SC36_region	8411	743199	88.36	0	361
BdenJEL423_SC37	8246	732033	88.77	0	602
BdenJEL423_SC37_region	8246	732033	88.77	0	602
BdenJEL423_SC38	7919	694726	87.73	0	499
BdenJEL423_SC38_region	7919	694726	87.73	0	499
BdenJEL423_SC39	7486	2764288	369.26	0	7389
BdenJEL423_SC39_region	7486	2764288	369.26	0	7389
BdenJEL423_SC40	7373	413048	56.02	0	163
BdenJEL423_SC40_region	7373	413048	56.02	0	163
BdenJEL423_SC41	7250	4939786	681.35	0	1430
BdenJEL423_SC41_region	7250	4939786	681.35	0	1430
BdenJEL423_SC42	7213	523992	72.65	0	242
BdenJEL423_SC42_region	7213	523992	72.65	0	242
BdenJEL423_SC43	7203	318275	44.19	0	211
BdenJEL423_SC43_region	7203	318275	44.19	0	211
BdenJEL423_SC44	7151	925980	129.49	0	440
BdenJEL423_SC44_region	7151	925980	129.49	0	440
BdenJEL423_SC45	7120	545763	76.65	0	330
BdenJEL423_SC45_region	7120	545763	76.65	0	330
BdenJEL423_SC46	7014	355457	50.68	0	269
BdenJEL423_SC46_region	7014	355457	50.68	0	269
BdenJEL423_SC47	6856	2337542	340.95	1	1582
BdenJEL423_SC47_region	6856	2337542	340.95	1	1582
BdenJEL423_SC48	6834	1311809	191.95	0	505
BdenJEL423_SC48_region	6834	1311809	191.95	0	505
BdenJEL423_SC49	6519	4491355	688.96	0	3978
BdenJEL423_SC49_region	6519	4491355	688.96	0	3978
BdenJEL423_SC50	6174	428036	69.33	0	320
BdenJEL423_SC50_region	6174	428036	69.33	0	320
BdenJEL423_SC51	6095	3501399	574.47	0	2121
BdenJEL423_SC51_region	6095	3501399	574.47	0	2121
BdenJEL423_SC52	6071	511482	84.25	0	258
BdenJEL423_SC52_region	6071	511482	84.25	0	258
BdenJEL423_SC53	6016	1265754	210.40	0	1390
BdenJEL423_SC53_region	6016	1265754	210.40	0	1390
BdenJEL423_SC54	5992	6325277	1055.62	0	6479
BdenJEL423_SC54_region	5992	6325277	1055.62	0	6479
BdenJEL423_SC55	5977	426543	71.36	0	295
BdenJEL423_SC55_region	5977	426543	71.36	0	295
BdenJEL423_SC56	5808	532170	91.63	0	661
BdenJEL423_SC56_region	5808	532170	91.63	0	661
BdenJEL423_SC57	5752	4096005	712.10	0	4715
BdenJEL423_SC57_region	5752	4096005	712.10	0	4715
BdenJEL423_SC58	8484	6381407	752.17	0	3862
BdenJEL423_SC58_region	8484	6381407	752.17	0	3862
BdenJEL423_SC59	5694	944233	165.83	0	453
BdenJEL423_SC59_region	5694	944233	165.83	0	453
BdenJEL423_SC60	5543	345767	62.38	2	130
BdenJEL423_SC60_region	5543	345767	62.38	2	130
BdenJEL423_SC61	5512	451636	81.94	0	393
BdenJEL423_SC61_region	5512	451636	81.94	0	393
BdenJEL423_SC62	5380	291013	54.09	0	546
BdenJEL423_SC62_region	5380	291013	54.09	0	546
BdenJEL423_SC63	5288	230384	43.57	0	222
BdenJEL423_SC63_region	5288	230384	43.57	0	222
BdenJEL423_SC64	5189	447464	86.23	0	202
BdenJEL423_SC64_region	5189	447464	86.23	0	202
BdenJEL423_SC65	5077	4067453	801.15	0	2831
BdenJEL423_SC65_region	5077	4067453	801.15	0	2831
BdenJEL423_SC66	4922	328077	66.66	0	338
BdenJEL423_SC66_region	4922	328077	66.66	0	338
BdenJEL423_SC67	4755	325942	68.55	0	189
BdenJEL423_SC67_region	4755	325942	68.55	0	189
BdenJEL423_SC68	4529	2368464	522.96	0	3709
BdenJEL423_SC68_region	4529	2368464	522.96	0	3709
BdenJEL423_SC69	2608	734847	281.77	0	1172
BdenJEL423_SC69_region	2608	734847	281.77	0	1172
BdenJEL423_mito	175284	147712816	842.71	0	2522
BdenJEL423_mito_region	175284	147712816	842.71	0	2522
total	23897668	2758027671	115.41	0	9305
total_region	23897668	2758027671	115.41	0	9305
