chrom	length	bases	mean	min	max
BdenJEL423_SC01	4440149	448677522	101.05	0	734
BdenJEL423_SC01_region	4440149	448677522	101.05	0	734
BdenJEL423_SC02	2313122	257728208	111.42	0	3699
BdenJEL423_SC02_region	2313122	257728208	111.42	0	3699
BdenJEL423_SC03	1829408	206024211	112.62	0	8212
BdenJEL423_SC03_region	1829408	206024211	112.62	0	8212
BdenJEL423_SC04	1803316	182823888	101.38	0	541
BdenJEL423_SC04_region	1803316	182823888	101.38	0	541
BdenJEL423_SC05	1707251	171863480	100.67	0	2320
BdenJEL423_SC05_region	1707251	171863480	100.67	0	2320
BdenJEL423_SC06	1545501	154814455	100.17	0	2118
BdenJEL423_SC06_region	1545501	154814455	100.17	0	2118
BdenJEL423_SC07	1398854	150105829	107.31	0	1178
BdenJEL423_SC07_region	1398854	150105829	107.31	0	1178
BdenJEL423_SC08	1069847	116211869	108.62	0	3743
BdenJEL423_SC08_region	1069847	116211869	108.62	0	3743
BdenJEL423_SC09	1057463	96435691	91.20	0	440
BdenJEL423_SC09_region	1057463	96435691	91.20	0	440
BdenJEL423_SC10	1012305	103509519	102.25	0	2360
BdenJEL423_SC10_region	1012305	103509519	102.25	0	2360
BdenJEL423_SC11	979369	99184992	101.27	0	921
BdenJEL423_SC11_region	979369	99184992	101.27	0	921
BdenJEL423_SC12	937107	90046737	96.09	0	550
BdenJEL423_SC12_region	937107	90046737	96.09	0	550
BdenJEL423_SC13	898261	100867329	112.29	0	2451
BdenJEL423_SC13_region	898261	100867329	112.29	0	2451
BdenJEL423_SC14	857155	203928361	237.91	0	6274
BdenJEL423_SC14_region	857155	203928361	237.91	0	6274
BdenJEL423_SC15	557602	57929641	103.89	0	1893
BdenJEL423_SC15_region	557602	57929641	103.89	0	1893
BdenJEL423_SC16	498254	49447050	99.24	0	496
BdenJEL423_SC16_region	498254	49447050	99.24	0	496
BdenJEL423_SC17	243426	23091107	94.86	0	225
BdenJEL423_SC17_region	243426	23091107	94.86	0	225
BdenJEL423_SC18	48566	8008595	164.90	0	2330
BdenJEL423_SC18_region	48566	8008595	164.90	0	2330
BdenJEL423_SC19	69118	4116575	59.56	0	224
BdenJEL423_SC19_region	69118	4116575	59.56	0	224
BdenJEL423_SC20	45066	4835071	107.29	0	385
BdenJEL423_SC20_region	45066	4835071	107.29	0	385
BdenJEL423_SC21	28371	2783441	98.11	0	157
BdenJEL423_SC21_region	28371	2783441	98.11	0	157
BdenJEL423_SC22	17531	1433340	81.76	0	238
BdenJEL423_SC22_region	17531	1433340	81.76	0	238
BdenJEL423_SC23	15724	5656778	359.75	0	2588
BdenJEL423_SC23_region	15724	5656778	359.75	0	2588
BdenJEL423_SC24	15635	1254594	80.24	0	248
BdenJEL423_SC24_region	15635	1254594	80.24	0	248
BdenJEL423_SC25	13302	1781102	133.90	0	705
BdenJEL423_SC25_region	13302	1781102	133.90	0	705
BdenJEL423_SC26	12287	1362500	110.89	0	385
BdenJEL423_SC26_region	12287	1362500	110.89	0	385
BdenJEL423_SC27	11745	3128894	266.40	0	1782
BdenJEL423_SC27_region	11745	3128894	266.40	0	1782
BdenJEL423_SC28	11715	1009029	86.13	0	194
BdenJEL423_SC28_region	11715	1009029	86.13	0	194
BdenJEL423_SC29	10519	575106	54.67	0	139
BdenJEL423_SC29_region	10519	575106	54.67	0	139
BdenJEL423_SC30	9825	712433	72.51	0	174
BdenJEL423_SC30_region	9825	712433	72.51	0	174
BdenJEL423_SC31	9499	909926	95.79	0	290
BdenJEL423_SC31_region	9499	909926	95.79	0	290
BdenJEL423_SC32	9394	2356048	250.80	0	1918
BdenJEL423_SC32_region	9394	2356048	250.80	0	1918
BdenJEL423_SC33	8891	731059	82.22	0	177
BdenJEL423_SC33_region	8891	731059	82.22	0	177
BdenJEL423_SC34	8868	651764	73.50	0	150
BdenJEL423_SC34_region	8868	651764	73.50	0	150
BdenJEL423_SC35	14477	5834496	403.02	0	3871
BdenJEL423_SC35_region	14477	5834496	403.02	0	3871
BdenJEL423_SC36	8411	690237	82.06	0	175
BdenJEL423_SC36_region	8411	690237	82.06	0	175
BdenJEL423_SC37	8246	577246	70.00	0	275
BdenJEL423_SC37_region	8246	577246	70.00	0	275
BdenJEL423_SC38	7919	696660	87.97	0	145
BdenJEL423_SC38_region	7919	696660	87.97	0	145
BdenJEL423_SC39	7486	1468594	196.18	0	1389
BdenJEL423_SC39_region	7486	1468594	196.18	0	1389
BdenJEL423_SC40	7373	340019	46.12	0	70
BdenJEL423_SC40_region	7373	340019	46.12	0	70
BdenJEL423_SC41	7250	4120605	568.36	0	1319
BdenJEL423_SC41_region	7250	4120605	568.36	0	1319
BdenJEL423_SC42	7213	560770	77.74	0	175
BdenJEL423_SC42_region	7213	560770	77.74	0	175
BdenJEL423_SC43	7203	496789	68.97	0	160
BdenJEL423_SC43_region	7203	496789	68.97	0	160
BdenJEL423_SC44	7151	642906	89.90	0	228
BdenJEL423_SC44_region	7151	642906	89.90	0	228
BdenJEL423_SC45	7120	572774	80.45	0	156
BdenJEL423_SC45_region	7120	572774	80.45	0	156
BdenJEL423_SC46	7014	544740	77.66	0	160
BdenJEL423_SC46_region	7014	544740	77.66	0	160
BdenJEL423_SC47	6856	2554657	372.62	0	1423
BdenJEL423_SC47_region	6856	2554657	372.62	0	1423
BdenJEL423_SC48	6834	723435	105.86	0	201
BdenJEL423_SC48_region	6834	723435	105.86	0	201
BdenJEL423_SC49	6519	6382418	979.05	0	7337
BdenJEL423_SC49_region	6519	6382418	979.05	0	7337
BdenJEL423_SC50	6174	581189	94.13	0	170
BdenJEL423_SC50_region	6174	581189	94.13	0	170
BdenJEL423_SC51	6095	3657957	600.16	0	2261
BdenJEL423_SC51_region	6095	3657957	600.16	0	2261
BdenJEL423_SC52	6071	131409	21.65	0	105
BdenJEL423_SC52_region	6071	131409	21.65	0	105
BdenJEL423_SC53	6016	5157528	857.30	0	3830
BdenJEL423_SC53_region	6016	5157528	857.30	0	3830
BdenJEL423_SC54	5992	5922053	988.33	0	3200
BdenJEL423_SC54_region	5992	5922053	988.33	0	3200
BdenJEL423_SC55	5977	320852	53.68	0	109
BdenJEL423_SC55_region	5977	320852	53.68	0	109
BdenJEL423_SC56	5808	450970	77.65	0	290
BdenJEL423_SC56_region	5808	450970	77.65	0	290
BdenJEL423_SC57	5752	5158991	896.90	0	3649
BdenJEL423_SC57_region	5752	5158991	896.90	0	3649
BdenJEL423_SC58	8484	7380620	869.95	0	6608
BdenJEL423_SC58_region	8484	7380620	869.95	0	6608
BdenJEL423_SC59	5694	752729	132.20	2	339
BdenJEL423_SC59_region	5694	752729	132.20	2	339
BdenJEL423_SC60	5543	123477	22.28	0	112
BdenJEL423_SC60_region	5543	123477	22.28	0	112
BdenJEL423_SC61	5512	463746	84.13	1	187
BdenJEL423_SC61_region	5512	463746	84.13	1	187
BdenJEL423_SC62	5380	434534	80.77	1	200
BdenJEL423_SC62_region	5380	434534	80.77	1	200
BdenJEL423_SC63	5288	236331	44.69	0	141
BdenJEL423_SC63_region	5288	236331	44.69	0	141
BdenJEL423_SC64	5189	449663	86.66	0	191
BdenJEL423_SC64_region	5189	449663	86.66	0	191
BdenJEL423_SC65	5077	4089801	805.55	4	2328
BdenJEL423_SC65_region	5077	4089801	805.55	4	2328
BdenJEL423_SC66	4922	312946	63.58	1	174
BdenJEL423_SC66_region	4922	312946	63.58	1	174
BdenJEL423_SC67	4755	317657	66.80	0	181
BdenJEL423_SC67_region	4755	317657	66.80	0	181
BdenJEL423_SC68	4529	6973172	1539.67	1	4719
BdenJEL423_SC68_region	4529	6973172	1539.67	1	4719
BdenJEL423_SC69	2608	1230351	471.76	0	1264
BdenJEL423_SC69_region	2608	1230351	471.76	0	1264
BdenJEL423_mito	175284	145817874	831.89	0	1402
BdenJEL423_mito_region	175284	145817874	831.89	0	1402
total	23897668	2770166340	115.92	0	8212
total_region	23897668	2770166340	115.92	0	8212
