chrom	length	bases	mean	min	max
BdenJEL423_SC01	4440149	257176547	57.92	0	363
BdenJEL423_SC01_region	4440149	257176547	57.92	0	363
BdenJEL423_SC02	2313122	141323400	61.10	0	937
BdenJEL423_SC02_region	2313122	141323400	61.10	0	937
BdenJEL423_SC03	1829408	120772185	66.02	0	1137
BdenJEL423_SC03_region	1829408	120772185	66.02	0	1137
BdenJEL423_SC04	1803316	104938777	58.19	0	237
BdenJEL423_SC04_region	1803316	104938777	58.19	0	237
BdenJEL423_SC05	1707251	99917540	58.53	0	1167
BdenJEL423_SC05_region	1707251	99917540	58.53	0	1167
BdenJEL423_SC06	1545501	92679253	59.97	0	1511
BdenJEL423_SC06_region	1545501	92679253	59.97	0	1511
BdenJEL423_SC07	1398854	73798361	52.76	0	426
BdenJEL423_SC07_region	1398854	73798361	52.76	0	426
BdenJEL423_SC08	1069847	63717170	59.56	0	1394
BdenJEL423_SC08_region	1069847	63717170	59.56	0	1394
BdenJEL423_SC09	1057463	60887762	57.58	0	247
BdenJEL423_SC09_region	1057463	60887762	57.58	0	247
BdenJEL423_SC10	1012305	59082090	58.36	0	267
BdenJEL423_SC10_region	1012305	59082090	58.36	0	267
BdenJEL423_SC11	979369	48191678	49.21	0	494
BdenJEL423_SC11_region	979369	48191678	49.21	0	494
BdenJEL423_SC12	937107	53628886	57.23	0	203
BdenJEL423_SC12_region	937107	53628886	57.23	0	203
BdenJEL423_SC13	898261	51161559	56.96	0	1480
BdenJEL423_SC13_region	898261	51161559	56.96	0	1480
BdenJEL423_SC14	857155	110928012	129.41	0	4087
BdenJEL423_SC14_region	857155	110928012	129.41	0	4087
BdenJEL423_SC15	557602	32821031	58.86	0	487
BdenJEL423_SC15_region	557602	32821031	58.86	0	487
BdenJEL423_SC16	498254	29088766	58.38	0	320
BdenJEL423_SC16_region	498254	29088766	58.38	0	320
BdenJEL423_SC17	243426	14318118	58.82	0	174
BdenJEL423_SC17_region	243426	14318118	58.82	0	174
BdenJEL423_SC18	48566	3437682	70.78	0	742
BdenJEL423_SC18_region	48566	3437682	70.78	0	742
BdenJEL423_SC19	69118	2362710	34.18	0	110
BdenJEL423_SC19_region	69118	2362710	34.18	0	110
BdenJEL423_SC20	45066	3293032	73.07	0	259
BdenJEL423_SC20_region	45066	3293032	73.07	0	259
BdenJEL423_SC21	28371	1445430	50.95	0	77
BdenJEL423_SC21_region	28371	1445430	50.95	0	77
BdenJEL423_SC22	17531	719984	41.07	0	163
BdenJEL423_SC22_region	17531	719984	41.07	0	163
BdenJEL423_SC23	15724	1955841	124.39	0	820
BdenJEL423_SC23_region	15724	1955841	124.39	0	820
BdenJEL423_SC24	15635	670088	42.86	0	122
BdenJEL423_SC24_region	15635	670088	42.86	0	122
BdenJEL423_SC25	13302	715420	53.78	0	248
BdenJEL423_SC25_region	13302	715420	53.78	0	248
BdenJEL423_SC26	12287	650469	52.94	0	209
BdenJEL423_SC26_region	12287	650469	52.94	0	209
BdenJEL423_SC27	11745	1177039	100.22	0	338
BdenJEL423_SC27_region	11745	1177039	100.22	0	338
BdenJEL423_SC28	11715	555989	47.46	0	123
BdenJEL423_SC28_region	11715	555989	47.46	0	123
BdenJEL423_SC29	10519	358571	34.09	0	114
BdenJEL423_SC29_region	10519	358571	34.09	0	114
BdenJEL423_SC30	9825	432761	44.05	0	103
BdenJEL423_SC30_region	9825	432761	44.05	0	103
BdenJEL423_SC31	9499	543685	57.24	0	151
BdenJEL423_SC31_region	9499	543685	57.24	0	151
BdenJEL423_SC32	9394	744091	79.21	0	293
BdenJEL423_SC32_region	9394	744091	79.21	0	293
BdenJEL423_SC33	8891	409852	46.10	0	79
BdenJEL423_SC33_region	8891	409852	46.10	0	79
BdenJEL423_SC34	8868	361512	40.77	0	97
BdenJEL423_SC34_region	8868	361512	40.77	0	97
BdenJEL423_SC35	14477	2427276	167.66	0	1178
BdenJEL423_SC35_region	14477	2427276	167.66	0	1178
BdenJEL423_SC36	8411	467350	55.56	0	126
BdenJEL423_SC36_region	8411	467350	55.56	0	126
BdenJEL423_SC37	8246	257796	31.26	0	80
BdenJEL423_SC37_region	8246	257796	31.26	0	80
BdenJEL423_SC38	7919	416699	52.62	0	91
BdenJEL423_SC38_region	7919	416699	52.62	0	91
BdenJEL423_SC39	7486	266245	35.57	0	146
BdenJEL423_SC39_region	7486	266245	35.57	0	146
BdenJEL423_SC40	7373	222258	30.14	0	54
BdenJEL423_SC40_region	7373	222258	30.14	0	54
BdenJEL423_SC41	7250	8377938	1155.58	4	1723
BdenJEL423_SC41_region	7250	8377938	1155.58	4	1723
BdenJEL423_SC42	7213	315949	43.80	0	92
BdenJEL423_SC42_region	7213	315949	43.80	0	92
BdenJEL423_SC43	7203	219796	30.51	0	83
BdenJEL423_SC43_region	7203	219796	30.51	0	83
BdenJEL423_SC44	7151	311856	43.61	0	111
BdenJEL423_SC44_region	7151	311856	43.61	0	111
BdenJEL423_SC45	7120	371630	52.20	0	122
BdenJEL423_SC45_region	7120	371630	52.20	0	122
BdenJEL423_SC46	7014	283597	40.43	0	89
BdenJEL423_SC46_region	7014	283597	40.43	0	89
BdenJEL423_SC47	6856	734489	107.13	0	301
BdenJEL423_SC47_region	6856	734489	107.13	0	301
BdenJEL423_SC48	6834	404451	59.18	0	102
BdenJEL423_SC48_region	6834	404451	59.18	0	102
BdenJEL423_SC49	6519	774601	118.82	0	905
BdenJEL423_SC49_region	6519	774601	118.82	0	905
BdenJEL423_SC50	6174	340111	55.09	0	97
BdenJEL423_SC50_region	6174	340111	55.09	0	97
BdenJEL423_SC51	6095	1176218	192.98	0	1901
BdenJEL423_SC51_region	6095	1176218	192.98	0	1901
BdenJEL423_SC52	6071	161133	26.54	0	68
BdenJEL423_SC52_region	6071	161133	26.54	0	68
BdenJEL423_SC53	6016	3622424	602.13	0	1788
BdenJEL423_SC53_region	6016	3622424	602.13	0	1788
BdenJEL423_SC54	5992	1750141	292.08	0	1754
BdenJEL423_SC54_region	5992	1750141	292.08	0	1754
BdenJEL423_SC55	5977	212009	35.47	0	71
BdenJEL423_SC55_region	5977	212009	35.47	0	71
BdenJEL423_SC56	5808	154009	26.52	0	132
BdenJEL423_SC56_region	5808	154009	26.52	0	132
BdenJEL423_SC57	5752	507021	88.15	0	181
BdenJEL423_SC57_region	5752	507021	88.15	0	181
BdenJEL423_SC58	8484	3827656	451.16	0	3568
BdenJEL423_SC58_region	8484	3827656	451.16	0	3568
BdenJEL423_SC59	5694	466552	81.94	0	193
BdenJEL423_SC59_region	5694	466552	81.94	0	193
BdenJEL423_SC60	5543	153831	27.75	0	82
BdenJEL423_SC60_region	5543	153831	27.75	0	82
BdenJEL423_SC61	5512	340615	61.80	0	113
BdenJEL423_SC61_region	5512	340615	61.80	0	113
BdenJEL423_SC62	5380	247026	45.92	1	131
BdenJEL423_SC62_region	5380	247026	45.92	1	131
BdenJEL423_SC63	5288	148833	28.15	0	77
BdenJEL423_SC63_region	5288	148833	28.15	0	77
BdenJEL423_SC64	5189	237560	45.78	0	101
BdenJEL423_SC64_region	5189	237560	45.78	0	101
BdenJEL423_SC65	5077	2125086	418.57	1	1172
BdenJEL423_SC65_region	5077	2125086	418.57	1	1172
BdenJEL423_SC66	4922	191445	38.90	0	106
BdenJEL423_SC66_region	4922	191445	38.90	0	106
BdenJEL423_SC67	4755	172284	36.23	0	81
BdenJEL423_SC67_region	4755	172284	36.23	0	81
BdenJEL423_SC68	4529	4036883	891.34	3	2400
BdenJEL423_SC68_region	4529	4036883	891.34	3	2400
BdenJEL423_SC69	2608	1446262	554.55	0	1029
BdenJEL423_SC69_region	2608	1446262	554.55	0	1029
BdenJEL423_mito	175284	164931746	940.94	0	1601
BdenJEL423_mito_region	175284	164931746	940.94	0	1601
total	23897668	1636366067	68.47	0	4087
total_region	23897668	1636366067	68.47	0	4087
