chrom	length	bases	mean	min	max
BdenJEL423_SC01	4440149	792075280	178.39	0	1167
BdenJEL423_SC01_region	4440149	792075280	178.39	0	1167
BdenJEL423_SC02	2313122	451513444	195.20	0	7439
BdenJEL423_SC02_region	2313122	451513444	195.20	0	7439
BdenJEL423_SC03	1829408	351339367	192.05	0	11316
BdenJEL423_SC03_region	1829408	351339367	192.05	0	11316
BdenJEL423_SC04	1803316	325112101	180.29	0	802
BdenJEL423_SC04_region	1803316	325112101	180.29	0	802
BdenJEL423_SC05	1707251	314464544	184.19	0	2789
BdenJEL423_SC05_region	1707251	314464544	184.19	0	2789
BdenJEL423_SC06	1545501	288338924	186.57	0	6275
BdenJEL423_SC06_region	1545501	288338924	186.57	0	6275
BdenJEL423_SC07	1398854	268909478	192.24	0	2195
BdenJEL423_SC07_region	1398854	268909478	192.24	0	2195
BdenJEL423_SC08	1069847	206744696	193.25	0	7127
BdenJEL423_SC08_region	1069847	206744696	193.25	0	7127
BdenJEL423_SC09	1057463	184176505	174.17	0	797
BdenJEL423_SC09_region	1057463	184176505	174.17	0	797
BdenJEL423_SC10	1012305	181432690	179.23	0	3771
BdenJEL423_SC10_region	1012305	181432690	179.23	0	3771
BdenJEL423_SC11	979369	174527147	178.20	0	2455
BdenJEL423_SC11_region	979369	174527147	178.20	0	2455
BdenJEL423_SC12	937107	163457256	174.43	0	1006
BdenJEL423_SC12_region	937107	163457256	174.43	0	1006
BdenJEL423_SC13	898261	176631613	196.64	0	3604
BdenJEL423_SC13_region	898261	176631613	196.64	0	3604
BdenJEL423_SC14	857155	488218335	569.58	0	34399
BdenJEL423_SC14_region	857155	488218335	569.58	0	34399
BdenJEL423_SC15	557602	101875328	182.70	0	2794
BdenJEL423_SC15_region	557602	101875328	182.70	0	2794
BdenJEL423_SC16	498254	88432066	177.48	0	1316
BdenJEL423_SC16_region	498254	88432066	177.48	0	1316
BdenJEL423_SC17	243426	31416760	129.06	0	506
BdenJEL423_SC17_region	243426	31416760	129.06	0	506
BdenJEL423_SC18	48566	15191848	312.81	0	4465
BdenJEL423_SC18_region	48566	15191848	312.81	0	4465
BdenJEL423_SC19	69118	7226646	104.56	0	393
BdenJEL423_SC19_region	69118	7226646	104.56	0	393
BdenJEL423_SC20	45066	5753413	127.67	0	704
BdenJEL423_SC20_region	45066	5753413	127.67	0	704
BdenJEL423_SC21	28371	4952388	174.56	1	296
BdenJEL423_SC21_region	28371	4952388	174.56	1	296
BdenJEL423_SC22	17531	2130052	121.50	0	311
BdenJEL423_SC22_region	17531	2130052	121.50	0	311
BdenJEL423_SC23	15724	11311465	719.38	0	8832
BdenJEL423_SC23_region	15724	11311465	719.38	0	8832
BdenJEL423_SC24	15635	2160543	138.19	0	313
BdenJEL423_SC24_region	15635	2160543	138.19	0	313
BdenJEL423_SC25	13302	2879503	216.47	0	1205
BdenJEL423_SC25_region	13302	2879503	216.47	0	1205
BdenJEL423_SC26	12287	2456252	199.91	3	681
BdenJEL423_SC26_region	12287	2456252	199.91	3	681
BdenJEL423_SC27	11745	5343103	454.93	0	2972
BdenJEL423_SC27_region	11745	5343103	454.93	0	2972
BdenJEL423_SC28	11715	1854152	158.27	0	380
BdenJEL423_SC28_region	11715	1854152	158.27	0	380
BdenJEL423_SC29	10519	1142704	108.63	0	287
BdenJEL423_SC29_region	10519	1142704	108.63	0	287
BdenJEL423_SC30	9825	1287299	131.02	0	318
BdenJEL423_SC30_region	9825	1287299	131.02	0	318
BdenJEL423_SC31	9499	1453079	152.97	0	415
BdenJEL423_SC31_region	9499	1453079	152.97	0	415
BdenJEL423_SC32	9394	3802949	404.83	0	2621
BdenJEL423_SC32_region	9394	3802949	404.83	0	2621
BdenJEL423_SC33	8891	1301479	146.38	0	270
BdenJEL423_SC33_region	8891	1301479	146.38	0	270
BdenJEL423_SC34	8868	1606688	181.18	1	429
BdenJEL423_SC34_region	8868	1606688	181.18	1	429
BdenJEL423_SC35	14477	13953049	963.81	0	4893
BdenJEL423_SC35_region	14477	13953049	963.81	0	4893
BdenJEL423_SC36	8411	1199077	142.56	1	373
BdenJEL423_SC36_region	8411	1199077	142.56	1	373
BdenJEL423_SC37	8246	947593	114.92	0	386
BdenJEL423_SC37_region	8246	947593	114.92	0	386
BdenJEL423_SC38	7919	1293045	163.28	0	266
BdenJEL423_SC38_region	7919	1293045	163.28	0	266
BdenJEL423_SC39	7486	2269506	303.17	0	1573
BdenJEL423_SC39_region	7486	2269506	303.17	0	1573
BdenJEL423_SC40	7373	960383	130.26	1	243
BdenJEL423_SC40_region	7373	960383	130.26	1	243
BdenJEL423_SC41	7250	5475084	755.18	0	1552
BdenJEL423_SC41_region	7250	5475084	755.18	0	1552
BdenJEL423_SC42	7213	1041355	144.37	0	381
BdenJEL423_SC42_region	7213	1041355	144.37	0	381
BdenJEL423_SC43	7203	823851	114.38	0	245
BdenJEL423_SC43_region	7203	823851	114.38	0	245
BdenJEL423_SC44	7151	737926	103.19	0	289
BdenJEL423_SC44_region	7151	737926	103.19	0	289
BdenJEL423_SC45	7120	1169248	164.22	0	361
BdenJEL423_SC45_region	7120	1169248	164.22	0	361
BdenJEL423_SC46	7014	1058123	150.86	0	377
BdenJEL423_SC46_region	7014	1058123	150.86	0	377
BdenJEL423_SC47	6856	5689540	829.86	0	3136
BdenJEL423_SC47_region	6856	5689540	829.86	0	3136
BdenJEL423_SC48	6834	1263101	184.83	0	320
BdenJEL423_SC48_region	6834	1263101	184.83	0	320
BdenJEL423_SC49	6519	9614134	1474.79	0	7486
BdenJEL423_SC49_region	6519	9614134	1474.79	0	7486
BdenJEL423_SC50	6174	1063417	172.24	0	304
BdenJEL423_SC50_region	6174	1063417	172.24	0	304
BdenJEL423_SC51	6095	8974570	1472.45	0	9042
BdenJEL423_SC51_region	6095	8974570	1472.45	0	9042
BdenJEL423_SC52	6071	698974	115.13	9	228
BdenJEL423_SC52_region	6071	698974	115.13	9	228
BdenJEL423_SC53	6016	12983450	2158.15	0	9180
BdenJEL423_SC53_region	6016	12983450	2158.15	0	9180
BdenJEL423_SC54	5992	10545018	1759.85	0	6506
BdenJEL423_SC54_region	5992	10545018	1759.85	0	6506
BdenJEL423_SC55	5977	525074	87.85	0	232
BdenJEL423_SC55_region	5977	525074	87.85	0	232
BdenJEL423_SC56	5808	1215035	209.20	0	504
BdenJEL423_SC56_region	5808	1215035	209.20	0	504
BdenJEL423_SC57	5752	5173164	899.37	0	4132
BdenJEL423_SC57_region	5752	5173164	899.37	0	4132
BdenJEL423_SC58	8484	12319099	1452.04	0	10604
BdenJEL423_SC58_region	8484	12319099	1452.04	0	10604
BdenJEL423_SC59	5694	1354812	237.94	0	554
BdenJEL423_SC59_region	5694	1354812	237.94	0	554
BdenJEL423_SC60	5543	244332	44.08	0	205
BdenJEL423_SC60_region	5543	244332	44.08	0	205
BdenJEL423_SC61	5512	564133	102.35	0	405
BdenJEL423_SC61_region	5512	564133	102.35	0	405
BdenJEL423_SC62	5380	634223	117.89	0	309
BdenJEL423_SC62_region	5380	634223	117.89	0	309
BdenJEL423_SC63	5288	598949	113.27	0	371
BdenJEL423_SC63_region	5288	598949	113.27	0	371
BdenJEL423_SC64	5189	852986	164.38	0	308
BdenJEL423_SC64_region	5189	852986	164.38	0	308
BdenJEL423_SC65	5077	7183274	1414.87	9	3219
BdenJEL423_SC65_region	5077	7183274	1414.87	9	3219
BdenJEL423_SC66	4922	637070	129.43	0	454
BdenJEL423_SC66_region	4922	637070	129.43	0	454
BdenJEL423_SC67	4755	118737	24.97	0	100
BdenJEL423_SC67_region	4755	118737	24.97	0	100
BdenJEL423_SC68	4529	19988309	4413.40	22	9466
BdenJEL423_SC68_region	4529	19988309	4413.40	22	9466
BdenJEL423_SC69	2608	9317427	3572.63	0	10123
BdenJEL423_SC69_region	2608	9317427	3572.63	0	10123
BdenJEL423_mito	175284	220132314	1255.86	0	2172
BdenJEL423_mito_region	175284	220132314	1255.86	0	2172
total	23897668	5023138479	210.19	0	34399
total_region	23897668	5023138479	210.19	0	34399
