chrom	length	bases	mean	min	max
BdenJEL423_SC01	4440149	581631146	130.99	0	979
BdenJEL423_SC01_region	4440149	581631146	130.99	0	979
BdenJEL423_SC02	2313122	335233568	144.93	0	2675
BdenJEL423_SC02_region	2313122	335233568	144.93	0	2675
BdenJEL423_SC03	1829408	249987165	136.65	0	2164
BdenJEL423_SC03_region	1829408	249987165	136.65	0	2164
BdenJEL423_SC04	1803316	234744687	130.17	0	621
BdenJEL423_SC04_region	1803316	234744687	130.17	0	621
BdenJEL423_SC05	1707251	218400480	127.93	0	1732
BdenJEL423_SC05_region	1707251	218400480	127.93	0	1732
BdenJEL423_SC06	1545501	204979492	132.63	0	3300
BdenJEL423_SC06_region	1545501	204979492	132.63	0	3300
BdenJEL423_SC07	1398854	199081723	142.32	0	1562
BdenJEL423_SC07_region	1398854	199081723	142.32	0	1562
BdenJEL423_SC08	1069847	144866357	135.41	0	5026
BdenJEL423_SC08_region	1069847	144866357	135.41	0	5026
BdenJEL423_SC09	1057463	133863953	126.59	0	566
BdenJEL423_SC09_region	1057463	133863953	126.59	0	566
BdenJEL423_SC10	1012305	129996326	128.42	0	964
BdenJEL423_SC10_region	1012305	129996326	128.42	0	964
BdenJEL423_SC11	979369	129702415	132.43	0	1481
BdenJEL423_SC11_region	979369	129702415	132.43	0	1481
BdenJEL423_SC12	937107	116298252	124.10	0	901
BdenJEL423_SC12_region	937107	116298252	124.10	0	901
BdenJEL423_SC13	898261	125053131	139.22	0	2593
BdenJEL423_SC13_region	898261	125053131	139.22	0	2593
BdenJEL423_SC14	857155	241770060	282.06	0	5953
BdenJEL423_SC14_region	857155	241770060	282.06	0	5953
BdenJEL423_SC15	557602	73310263	131.47	0	902
BdenJEL423_SC15_region	557602	73310263	131.47	0	902
BdenJEL423_SC16	498254	62371355	125.18	0	767
BdenJEL423_SC16_region	498254	62371355	125.18	0	767
BdenJEL423_SC17	243426	22146112	90.98	0	315
BdenJEL423_SC17_region	243426	22146112	90.98	0	315
BdenJEL423_SC18	48566	8168699	168.20	0	2931
BdenJEL423_SC18_region	48566	8168699	168.20	0	2931
BdenJEL423_SC19	69118	5058700	73.19	0	242
BdenJEL423_SC19_region	69118	5058700	73.19	0	242
BdenJEL423_SC20	45066	4127288	91.58	0	495
BdenJEL423_SC20_region	45066	4127288	91.58	0	495
BdenJEL423_SC21	28371	3452930	121.71	0	194
BdenJEL423_SC21_region	28371	3452930	121.71	0	194
BdenJEL423_SC22	17531	1460298	83.30	0	220
BdenJEL423_SC22_region	17531	1460298	83.30	0	220
BdenJEL423_SC23	15724	4945894	314.54	0	1836
BdenJEL423_SC23_region	15724	4945894	314.54	0	1836
BdenJEL423_SC24	15635	1604213	102.60	0	277
BdenJEL423_SC24_region	15635	1604213	102.60	0	277
BdenJEL423_SC25	13302	1997687	150.18	0	916
BdenJEL423_SC25_region	13302	1997687	150.18	0	916
BdenJEL423_SC26	12287	1841286	149.86	1	532
BdenJEL423_SC26_region	12287	1841286	149.86	1	532
BdenJEL423_SC27	11745	2773928	236.18	0	998
BdenJEL423_SC27_region	11745	2773928	236.18	0	998
BdenJEL423_SC28	11715	1332467	113.74	0	276
BdenJEL423_SC28_region	11715	1332467	113.74	0	276
BdenJEL423_SC29	10519	794323	75.51	0	196
BdenJEL423_SC29_region	10519	794323	75.51	0	196
BdenJEL423_SC30	9825	907891	92.41	0	247
BdenJEL423_SC30_region	9825	907891	92.41	0	247
BdenJEL423_SC31	9499	968252	101.93	0	309
BdenJEL423_SC31_region	9499	968252	101.93	0	309
BdenJEL423_SC32	9394	2213285	235.61	0	841
BdenJEL423_SC32_region	9394	2213285	235.61	0	841
BdenJEL423_SC33	8891	917024	103.14	0	213
BdenJEL423_SC33_region	8891	917024	103.14	0	213
BdenJEL423_SC34	8868	1125037	126.86	0	334
BdenJEL423_SC34_region	8868	1125037	126.86	0	334
BdenJEL423_SC35	14477	5332510	368.34	0	1527
BdenJEL423_SC35_region	14477	5332510	368.34	0	1527
BdenJEL423_SC36	8411	922058	109.63	0	314
BdenJEL423_SC36_region	8411	922058	109.63	0	314
BdenJEL423_SC37	8246	664750	80.61	0	221
BdenJEL423_SC37_region	8246	664750	80.61	0	221
BdenJEL423_SC38	7919	971264	122.65	0	246
BdenJEL423_SC38_region	7919	971264	122.65	0	246
BdenJEL423_SC39	7486	1160760	155.06	0	506
BdenJEL423_SC39_region	7486	1160760	155.06	0	506
BdenJEL423_SC40	7373	831340	112.75	1	252
BdenJEL423_SC40_region	7373	831340	112.75	1	252
BdenJEL423_SC41	7250	2904146	400.57	0	1200
BdenJEL423_SC41_region	7250	2904146	400.57	0	1200
BdenJEL423_SC42	7213	779792	108.11	0	348
BdenJEL423_SC42_region	7213	779792	108.11	0	348
BdenJEL423_SC43	7203	617747	85.76	1	201
BdenJEL423_SC43_region	7203	617747	85.76	1	201
BdenJEL423_SC44	7151	465234	65.06	0	180
BdenJEL423_SC44_region	7151	465234	65.06	0	180
BdenJEL423_SC45	7120	800973	112.50	0	244
BdenJEL423_SC45_region	7120	800973	112.50	0	244
BdenJEL423_SC46	7014	744770	106.18	0	296
BdenJEL423_SC46_region	7014	744770	106.18	0	296
BdenJEL423_SC47	6856	2802627	408.78	0	1366
BdenJEL423_SC47_region	6856	2802627	408.78	0	1366
BdenJEL423_SC48	6834	949229	138.90	0	274
BdenJEL423_SC48_region	6834	949229	138.90	0	274
BdenJEL423_SC49	6519	2908311	446.13	0	1857
BdenJEL423_SC49_region	6519	2908311	446.13	0	1857
BdenJEL423_SC50	6174	746729	120.95	0	208
BdenJEL423_SC50_region	6174	746729	120.95	0	208
BdenJEL423_SC51	6095	3849422	631.57	0	3425
BdenJEL423_SC51_region	6095	3849422	631.57	0	3425
BdenJEL423_SC52	6071	553666	91.20	2	201
BdenJEL423_SC52_region	6071	553666	91.20	2	201
BdenJEL423_SC53	6016	5285537	878.58	0	2592
BdenJEL423_SC53_region	6016	5285537	878.58	0	2592
BdenJEL423_SC54	5992	4686558	782.14	0	3187
BdenJEL423_SC54_region	5992	4686558	782.14	0	3187
BdenJEL423_SC55	5977	340426	56.96	0	152
BdenJEL423_SC55_region	5977	340426	56.96	0	152
BdenJEL423_SC56	5808	896060	154.28	0	384
BdenJEL423_SC56_region	5808	896060	154.28	0	384
BdenJEL423_SC57	5752	2109807	366.80	0	1269
BdenJEL423_SC57_region	5752	2109807	366.80	0	1269
BdenJEL423_SC58	8484	8455257	996.61	0	6871
BdenJEL423_SC58_region	8484	8455257	996.61	0	6871
BdenJEL423_SC59	5694	1030089	180.91	0	461
BdenJEL423_SC59_region	5694	1030089	180.91	0	461
BdenJEL423_SC60	5543	172046	31.04	0	133
BdenJEL423_SC60_region	5543	172046	31.04	0	133
BdenJEL423_SC61	5512	359887	65.29	0	313
BdenJEL423_SC61_region	5512	359887	65.29	0	313
BdenJEL423_SC62	5380	536568	99.73	0	313
BdenJEL423_SC62_region	5380	536568	99.73	0	313
BdenJEL423_SC63	5288	418250	79.09	1	269
BdenJEL423_SC63_region	5288	418250	79.09	1	269
BdenJEL423_SC64	5189	630628	121.53	0	221
BdenJEL423_SC64_region	5189	630628	121.53	0	221
BdenJEL423_SC65	5077	4466357	879.72	9	2692
BdenJEL423_SC65_region	5077	4466357	879.72	9	2692
BdenJEL423_SC66	4922	494908	100.55	0	310
BdenJEL423_SC66_region	4922	494908	100.55	0	310
BdenJEL423_SC67	4755	90212	18.97	0	80
BdenJEL423_SC67_region	4755	90212	18.97	0	80
BdenJEL423_SC68	4529	7608338	1679.92	11	3019
BdenJEL423_SC68_region	4529	7608338	1679.92	11	3019
BdenJEL423_SC69	2608	3412402	1308.44	0	4553
BdenJEL423_SC69_region	2608	3412402	1308.44	0	4553
BdenJEL423_mito	175284	128146644	731.08	0	1570
BdenJEL423_mito_region	175284	128146644	731.08	0	1570
total	23897668	3444270989	144.13	0	6871
total_region	23897668	3444270989	144.13	0	6871
