chrom	length	bases	mean	min	max
BdenJEL423_SC01	4440149	201562319	45.40	0	99
BdenJEL423_SC01_region	4440149	201562319	45.40	0	99
BdenJEL423_SC02	2313122	120261478	51.99	0	108
BdenJEL423_SC02_region	2313122	120261478	51.99	0	108
BdenJEL423_SC03	1829408	95905313	52.42	0	100
BdenJEL423_SC03_region	1829408	95905313	52.42	0	100
BdenJEL423_SC04	1803316	79302948	43.98	0	95
BdenJEL423_SC04_region	1803316	79302948	43.98	0	95
BdenJEL423_SC05	1707251	86756961	50.82	0	100
BdenJEL423_SC05_region	1707251	86756961	50.82	0	100
BdenJEL423_SC06	1545501	69741518	45.13	0	100
BdenJEL423_SC06_region	1545501	69741518	45.13	0	100
BdenJEL423_SC07	1398854	62328438	44.56	0	100
BdenJEL423_SC07_region	1398854	62328438	44.56	0	100
BdenJEL423_SC08	1069847	47550375	44.45	0	100
BdenJEL423_SC08_region	1069847	47550375	44.45	0	100
BdenJEL423_SC09	1057463	35476510	33.55	0	91
BdenJEL423_SC09_region	1057463	35476510	33.55	0	91
BdenJEL423_SC10	1012305	51686100	51.06	0	100
BdenJEL423_SC10_region	1012305	51686100	51.06	0	100
BdenJEL423_SC11	979369	34059603	34.78	0	100
BdenJEL423_SC11_region	979369	34059603	34.78	0	100
BdenJEL423_SC12	937107	39676237	42.34	0	91
BdenJEL423_SC12_region	937107	39676237	42.34	0	91
BdenJEL423_SC13	898261	41552737	46.26	0	108
BdenJEL423_SC13_region	898261	41552737	46.26	0	108
BdenJEL423_SC14	857155	41426482	48.33	0	104
BdenJEL423_SC14_region	857155	41426482	48.33	0	104
BdenJEL423_SC15	557602	24887500	44.63	0	97
BdenJEL423_SC15_region	557602	24887500	44.63	0	97
BdenJEL423_SC16	498254	18099712	36.33	0	99
BdenJEL423_SC16_region	498254	18099712	36.33	0	99
BdenJEL423_SC17	243426	11123405	45.70	0	92
BdenJEL423_SC17_region	243426	11123405	45.70	0	92
BdenJEL423_SC18	48566	2322435	47.82	0	101
BdenJEL423_SC18_region	48566	2322435	47.82	0	101
BdenJEL423_SC19	69118	2182193	31.57	0	85
BdenJEL423_SC19_region	69118	2182193	31.57	0	85
BdenJEL423_SC20	45066	2357707	52.32	0	94
BdenJEL423_SC20_region	45066	2357707	52.32	0	94
BdenJEL423_SC21	28371	1266227	44.63	1	70
BdenJEL423_SC21_region	28371	1266227	44.63	1	70
BdenJEL423_SC22	17531	793273	45.25	0	88
BdenJEL423_SC22_region	17531	793273	45.25	0	88
BdenJEL423_SC23	15724	1010045	64.24	0	100
BdenJEL423_SC23_region	15724	1010045	64.24	0	100
BdenJEL423_SC24	15635	760776	48.66	0	82
BdenJEL423_SC24_region	15635	760776	48.66	0	82
BdenJEL423_SC25	13302	686728	51.63	0	88
BdenJEL423_SC25_region	13302	686728	51.63	0	88
BdenJEL423_SC26	12287	574351	46.74	0	75
BdenJEL423_SC26_region	12287	574351	46.74	0	75
BdenJEL423_SC27	11745	701784	59.75	0	100
BdenJEL423_SC27_region	11745	701784	59.75	0	100
BdenJEL423_SC28	11715	506033	43.20	0	79
BdenJEL423_SC28_region	11715	506033	43.20	0	79
BdenJEL423_SC29	10519	438042	41.64	0	74
BdenJEL423_SC29_region	10519	438042	41.64	0	74
BdenJEL423_SC30	9825	446715	45.47	0	79
BdenJEL423_SC30_region	9825	446715	45.47	0	79
BdenJEL423_SC31	9499	473572	49.85	0	85
BdenJEL423_SC31_region	9499	473572	49.85	0	85
BdenJEL423_SC32	9394	583682	62.13	0	100
BdenJEL423_SC32_region	9394	583682	62.13	0	100
BdenJEL423_SC33	8891	372732	41.92	1	72
BdenJEL423_SC33_region	8891	372732	41.92	1	72
BdenJEL423_SC34	8868	363400	40.98	0	77
BdenJEL423_SC34_region	8868	363400	40.98	0	77
BdenJEL423_SC35	14477	641768	44.33	0	101
BdenJEL423_SC35_region	14477	641768	44.33	0	101
BdenJEL423_SC36	8411	411941	48.98	0	87
BdenJEL423_SC36_region	8411	411941	48.98	0	87
BdenJEL423_SC37	8246	325619	39.49	0	92
BdenJEL423_SC37_region	8246	325619	39.49	0	92
BdenJEL423_SC38	7919	350619	44.28	0	80
BdenJEL423_SC38_region	7919	350619	44.28	0	80
BdenJEL423_SC39	7486	413543	55.24	0	99
BdenJEL423_SC39_region	7486	413543	55.24	0	99
BdenJEL423_SC40	7373	210877	28.60	0	57
BdenJEL423_SC40_region	7373	210877	28.60	0	57
BdenJEL423_SC41	7250	593800	81.90	0	100
BdenJEL423_SC41_region	7250	593800	81.90	0	100
BdenJEL423_SC42	7213	322601	44.72	0	72
BdenJEL423_SC42_region	7213	322601	44.72	0	72
BdenJEL423_SC43	7203	283810	39.40	0	76
BdenJEL423_SC43_region	7203	283810	39.40	0	76
BdenJEL423_SC44	7151	285971	39.99	0	85
BdenJEL423_SC44_region	7151	285971	39.99	0	85
BdenJEL423_SC45	7120	351879	49.42	0	89
BdenJEL423_SC45_region	7120	351879	49.42	0	89
BdenJEL423_SC46	7014	285319	40.68	0	76
BdenJEL423_SC46_region	7014	285319	40.68	0	76
BdenJEL423_SC47	6856	448360	65.40	1	100
BdenJEL423_SC47_region	6856	448360	65.40	1	100
BdenJEL423_SC48	6834	393593	57.59	0	88
BdenJEL423_SC48_region	6834	393593	57.59	0	88
BdenJEL423_SC49	6519	485533	74.48	0	100
BdenJEL423_SC49_region	6519	485533	74.48	0	100
BdenJEL423_SC50	6174	241502	39.12	0	73
BdenJEL423_SC50_region	6174	241502	39.12	0	73
BdenJEL423_SC51	6095	439401	72.09	0	100
BdenJEL423_SC51_region	6095	439401	72.09	0	100
BdenJEL423_SC52	6071	215755	35.54	1	72
BdenJEL423_SC52_region	6071	215755	35.54	1	72
BdenJEL423_SC53	6016	498241	82.82	0	100
BdenJEL423_SC53_region	6016	498241	82.82	0	100
BdenJEL423_SC54	5992	452643	75.54	0	100
BdenJEL423_SC54_region	5992	452643	75.54	0	100
BdenJEL423_SC55	5977	262660	43.95	0	75
BdenJEL423_SC55_region	5977	262660	43.95	0	75
BdenJEL423_SC56	5808	237363	40.87	0	85
BdenJEL423_SC56_region	5808	237363	40.87	0	85
BdenJEL423_SC57	5752	363179	63.14	0	100
BdenJEL423_SC57_region	5752	363179	63.14	0	100
BdenJEL423_SC58	8484	490191	57.78	0	112
BdenJEL423_SC58_region	8484	490191	57.78	0	112
BdenJEL423_SC59	5694	266980	46.89	0	79
BdenJEL423_SC59_region	5694	266980	46.89	0	79
BdenJEL423_SC60	5543	206206	37.20	1	74
BdenJEL423_SC60_region	5543	206206	37.20	1	74
BdenJEL423_SC61	5512	285680	51.83	0	79
BdenJEL423_SC61_region	5512	285680	51.83	0	79
BdenJEL423_SC62	5380	222679	41.39	0	73
BdenJEL423_SC62_region	5380	222679	41.39	0	73
BdenJEL423_SC63	5288	179591	33.96	0	73
BdenJEL423_SC63_region	5288	179591	33.96	0	73
BdenJEL423_SC64	5189	231569	44.63	0	80
BdenJEL423_SC64_region	5189	231569	44.63	0	80
BdenJEL423_SC65	5077	435545	85.79	0	102
BdenJEL423_SC65_region	5077	435545	85.79	0	102
BdenJEL423_SC66	4922	162563	33.03	0	71
BdenJEL423_SC66_region	4922	162563	33.03	0	71
BdenJEL423_SC67	4755	132546	27.88	0	62
BdenJEL423_SC67_region	4755	132546	27.88	0	62
BdenJEL423_SC68	4529	429393	94.81	2	100
BdenJEL423_SC68_region	4529	429393	94.81	2	100
BdenJEL423_SC69	2608	212629	81.53	0	107
BdenJEL423_SC69_region	2608	212629	81.53	0	107
BdenJEL423_mito	175284	16372478	93.41	0	101
BdenJEL423_mito_region	175284	16372478	93.41	0	101
total	23897668	1105381358	46.25	0	112
total_region	23897668	1105381358	46.25	0	112
