chrom	length	bases	mean	min	max
BdenJEL423_SC01	4440149	706846045	159.19	0	1189
BdenJEL423_SC01_region	4440149	706846045	159.19	0	1189
BdenJEL423_SC02	2313122	407213663	176.05	0	4447
BdenJEL423_SC02_region	2313122	407213663	176.05	0	4447
BdenJEL423_SC03	1829408	316366754	172.93	0	4095
BdenJEL423_SC03_region	1829408	316366754	172.93	0	4095
BdenJEL423_SC04	1803316	290864831	161.29	0	558
BdenJEL423_SC04_region	1803316	290864831	161.29	0	558
BdenJEL423_SC05	1707251	281942250	165.14	0	2561
BdenJEL423_SC05_region	1707251	281942250	165.14	0	2561
BdenJEL423_SC06	1545501	257711322	166.75	0	4415
BdenJEL423_SC06_region	1545501	257711322	166.75	0	4415
BdenJEL423_SC07	1398854	157929804	112.90	0	1517
BdenJEL423_SC07_region	1398854	157929804	112.90	0	1517
BdenJEL423_SC08	1069847	174763587	163.35	0	5303
BdenJEL423_SC08_region	1069847	174763587	163.35	0	5303
BdenJEL423_SC09	1057463	115160135	108.90	0	524
BdenJEL423_SC09_region	1057463	115160135	108.90	0	524
BdenJEL423_SC10	1012305	161512357	159.55	0	938
BdenJEL423_SC10_region	1012305	161512357	159.55	0	938
BdenJEL423_SC11	979369	121119107	123.67	0	970
BdenJEL423_SC11_region	979369	121119107	123.67	0	970
BdenJEL423_SC12	937107	136951002	146.14	0	718
BdenJEL423_SC12_region	937107	136951002	146.14	0	718
BdenJEL423_SC13	898261	118683825	132.13	0	3273
BdenJEL423_SC13_region	898261	118683825	132.13	0	3273
BdenJEL423_SC14	857155	309066039	360.57	0	11507
BdenJEL423_SC14_region	857155	309066039	360.57	0	11507
BdenJEL423_SC15	557602	90712576	162.68	0	799
BdenJEL423_SC15_region	557602	90712576	162.68	0	799
BdenJEL423_SC16	498254	54690723	109.76	0	588
BdenJEL423_SC16_region	498254	54690723	109.76	0	588
BdenJEL423_SC17	243426	38980692	160.13	0	413
BdenJEL423_SC17_region	243426	38980692	160.13	0	413
BdenJEL423_SC18	48566	9268171	190.84	0	3004
BdenJEL423_SC18_region	48566	9268171	190.84	0	3004
BdenJEL423_SC19	69118	6306090	91.24	0	324
BdenJEL423_SC19_region	69118	6306090	91.24	0	324
BdenJEL423_SC20	45066	9927697	220.29	0	792
BdenJEL423_SC20_region	45066	9927697	220.29	0	792
BdenJEL423_SC21	28371	3223350	113.61	1	169
BdenJEL423_SC21_region	28371	3223350	113.61	1	169
BdenJEL423_SC22	17531	2009347	114.62	0	368
BdenJEL423_SC22_region	17531	2009347	114.62	0	368
BdenJEL423_SC23	15724	5724753	364.08	0	2074
BdenJEL423_SC23_region	15724	5724753	364.08	0	2074
BdenJEL423_SC24	15635	2309846	147.74	0	320
BdenJEL423_SC24_region	15635	2309846	147.74	0	320
BdenJEL423_SC25	13302	1559685	117.25	0	414
BdenJEL423_SC25_region	13302	1559685	117.25	0	414
BdenJEL423_SC26	12287	1712960	139.41	0	315
BdenJEL423_SC26_region	12287	1712960	139.41	0	315
BdenJEL423_SC27	11745	2836370	241.50	0	1204
BdenJEL423_SC27_region	11745	2836370	241.50	0	1204
BdenJEL423_SC28	11715	1943732	165.92	0	375
BdenJEL423_SC28_region	11715	1943732	165.92	0	375
BdenJEL423_SC29	10519	1238229	117.71	0	301
BdenJEL423_SC29_region	10519	1238229	117.71	0	301
BdenJEL423_SC30	9825	974458	99.18	0	249
BdenJEL423_SC30_region	9825	974458	99.18	0	249
BdenJEL423_SC31	9499	1367671	143.98	0	389
BdenJEL423_SC31_region	9499	1367671	143.98	0	389
BdenJEL423_SC32	9394	2123059	226.00	0	1237
BdenJEL423_SC32_region	9394	2123059	226.00	0	1237
BdenJEL423_SC33	8891	1218256	137.02	1	238
BdenJEL423_SC33_region	8891	1218256	137.02	1	238
BdenJEL423_SC34	8868	831170	93.73	0	240
BdenJEL423_SC34_region	8868	831170	93.73	0	240
BdenJEL423_SC35	14477	6528998	450.99	0	4749
BdenJEL423_SC35_region	14477	6528998	450.99	0	4749
BdenJEL423_SC36	8411	1310279	155.78	1	449
BdenJEL423_SC36_region	8411	1310279	155.78	1	449
BdenJEL423_SC37	8246	425473	51.60	0	356
BdenJEL423_SC37_region	8246	425473	51.60	0	356
BdenJEL423_SC38	7919	1171017	147.87	0	309
BdenJEL423_SC38_region	7919	1171017	147.87	0	309
BdenJEL423_SC39	7486	1488971	198.90	0	1019
BdenJEL423_SC39_region	7486	1488971	198.90	0	1019
BdenJEL423_SC40	7373	709648	96.25	1	205
BdenJEL423_SC40_region	7373	709648	96.25	1	205
BdenJEL423_SC41	7250	8410401	1160.06	0	2187
BdenJEL423_SC41_region	7250	8410401	1160.06	0	2187
BdenJEL423_SC42	7213	763369	105.83	0	311
BdenJEL423_SC42_region	7213	763369	105.83	0	311
BdenJEL423_SC43	7203	938560	130.30	0	255
BdenJEL423_SC43_region	7203	938560	130.30	0	255
BdenJEL423_SC44	7151	714694	99.94	0	311
BdenJEL423_SC44_region	7151	714694	99.94	0	311
BdenJEL423_SC45	7120	967164	135.84	0	268
BdenJEL423_SC45_region	7120	967164	135.84	0	268
BdenJEL423_SC46	7014	660889	94.22	0	255
BdenJEL423_SC46_region	7014	660889	94.22	0	255
BdenJEL423_SC47	6856	2369210	345.57	0	1358
BdenJEL423_SC47_region	6856	2369210	345.57	0	1358
BdenJEL423_SC48	6834	1048761	153.46	0	272
BdenJEL423_SC48_region	6834	1048761	153.46	0	272
BdenJEL423_SC49	6519	2987785	458.32	0	2822
BdenJEL423_SC49_region	6519	2987785	458.32	0	2822
BdenJEL423_SC50	6174	666604	107.97	0	210
BdenJEL423_SC50_region	6174	666604	107.97	0	210
BdenJEL423_SC51	6095	4069186	667.63	0	5549
BdenJEL423_SC51_region	6095	4069186	667.63	0	5549
BdenJEL423_SC52	6071	464130	76.45	5	164
BdenJEL423_SC52_region	6071	464130	76.45	5	164
BdenJEL423_SC53	6016	11267869	1872.98	0	5149
BdenJEL423_SC53_region	6016	11267869	1872.98	0	5149
BdenJEL423_SC54	5992	4219214	704.14	0	4730
BdenJEL423_SC54_region	5992	4219214	704.14	0	4730
BdenJEL423_SC55	5977	542319	90.73	0	264
BdenJEL423_SC55_region	5977	542319	90.73	0	264
BdenJEL423_SC56	5808	628443	108.20	0	571
BdenJEL423_SC56_region	5808	628443	108.20	0	571
BdenJEL423_SC57	5752	1110672	193.09	0	1005
BdenJEL423_SC57_region	5752	1110672	193.09	0	1005
BdenJEL423_SC58	8484	10090217	1189.32	0	7516
BdenJEL423_SC58_region	8484	10090217	1189.32	0	7516
BdenJEL423_SC59	5694	839422	147.42	0	341
BdenJEL423_SC59_region	5694	839422	147.42	0	341
BdenJEL423_SC60	5543	532638	96.09	4	182
BdenJEL423_SC60_region	5543	532638	96.09	4	182
BdenJEL423_SC61	5512	699395	126.89	0	226
BdenJEL423_SC61_region	5512	699395	126.89	0	226
BdenJEL423_SC62	5380	917884	170.61	7	375
BdenJEL423_SC62_region	5380	917884	170.61	7	375
BdenJEL423_SC63	5288	351326	66.44	0	218
BdenJEL423_SC63_region	5288	351326	66.44	0	218
BdenJEL423_SC64	5189	628800	121.18	1	248
BdenJEL423_SC64_region	5189	628800	121.18	1	248
BdenJEL423_SC65	5077	5708362	1124.36	0	3387
BdenJEL423_SC65_region	5077	5708362	1124.36	0	3387
BdenJEL423_SC66	4922	682290	138.62	2	363
BdenJEL423_SC66_region	4922	682290	138.62	2	363
BdenJEL423_SC67	4755	79647	16.75	0	68
BdenJEL423_SC67_region	4755	79647	16.75	0	68
BdenJEL423_SC68	4529	12438511	2746.41	14	5498
BdenJEL423_SC68_region	4529	12438511	2746.41	14	5498
BdenJEL423_SC69	2608	5192114	1990.84	0	7606
BdenJEL423_SC69_region	2608	5192114	1990.84	0	7606
BdenJEL423_mito	175284	155563400	887.49	0	2165
BdenJEL423_mito_region	175284	155563400	887.49	0	2165
total	23897668	4042277218	169.15	0	11507
total_region	23897668	4042277218	169.15	0	11507
