chrom	length	bases	mean	min	max
BdenJEL423_SC01	4440149	264303507	59.53	0	99
BdenJEL423_SC01_region	4440149	264303507	59.53	0	99
BdenJEL423_SC02	2313122	146178887	63.20	0	113
BdenJEL423_SC02_region	2313122	146178887	63.20	0	113
BdenJEL423_SC03	1829408	114268585	62.46	0	101
BdenJEL423_SC03_region	1829408	114268585	62.46	0	101
BdenJEL423_SC04	1803316	107187174	59.44	0	98
BdenJEL423_SC04_region	1803316	107187174	59.44	0	98
BdenJEL423_SC05	1707251	100882134	59.09	0	100
BdenJEL423_SC05_region	1707251	100882134	59.09	0	100
BdenJEL423_SC06	1545501	92515553	59.86	0	101
BdenJEL423_SC06_region	1545501	92515553	59.86	0	101
BdenJEL423_SC07	1398854	83432191	59.64	0	100
BdenJEL423_SC07_region	1398854	83432191	59.64	0	100
BdenJEL423_SC08	1069847	63515985	59.37	0	101
BdenJEL423_SC08_region	1069847	63515985	59.37	0	101
BdenJEL423_SC09	1057463	50389745	47.65	0	98
BdenJEL423_SC09_region	1057463	50389745	47.65	0	98
BdenJEL423_SC10	1012305	60596104	59.86	0	105
BdenJEL423_SC10_region	1012305	60596104	59.86	0	105
BdenJEL423_SC11	979369	48056296	49.07	0	100
BdenJEL423_SC11_region	979369	48056296	49.07	0	100
BdenJEL423_SC12	937107	53476940	57.07	0	100
BdenJEL423_SC12_region	937107	53476940	57.07	0	100
BdenJEL423_SC13	898261	55928269	62.26	0	114
BdenJEL423_SC13_region	898261	55928269	62.26	0	114
BdenJEL423_SC14	857155	55747299	65.04	0	122
BdenJEL423_SC14_region	857155	55747299	65.04	0	122
BdenJEL423_SC15	557602	35264730	63.24	0	100
BdenJEL423_SC15_region	557602	35264730	63.24	0	100
BdenJEL423_SC16	498254	29754543	59.72	0	99
BdenJEL423_SC16_region	498254	29754543	59.72	0	99
BdenJEL423_SC17	243426	15518096	63.75	0	98
BdenJEL423_SC17_region	243426	15518096	63.75	0	98
BdenJEL423_SC18	48566	2856650	58.82	0	101
BdenJEL423_SC18_region	48566	2856650	58.82	0	101
BdenJEL423_SC19	69118	2907851	42.07	0	98
BdenJEL423_SC19_region	69118	2907851	42.07	0	98
BdenJEL423_SC20	45066	3024528	67.11	0	97
BdenJEL423_SC20_region	45066	3024528	67.11	0	97
BdenJEL423_SC21	28371	1743147	61.44	1	85
BdenJEL423_SC21_region	28371	1743147	61.44	1	85
BdenJEL423_SC22	17531	984056	56.13	0	96
BdenJEL423_SC22_region	17531	984056	56.13	0	96
BdenJEL423_SC23	15724	1071641	68.15	0	101
BdenJEL423_SC23_region	15724	1071641	68.15	0	101
BdenJEL423_SC24	15635	1058682	67.71	0	95
BdenJEL423_SC24_region	15635	1058682	67.71	0	95
BdenJEL423_SC25	13302	810583	60.94	0	91
BdenJEL423_SC25_region	13302	810583	60.94	0	91
BdenJEL423_SC26	12287	765986	62.34	0	95
BdenJEL423_SC26_region	12287	765986	62.34	0	95
BdenJEL423_SC27	11745	874321	74.44	0	100
BdenJEL423_SC27_region	11745	874321	74.44	0	100
BdenJEL423_SC28	11715	781670	66.72	0	95
BdenJEL423_SC28_region	11715	781670	66.72	0	95
BdenJEL423_SC29	10519	639579	60.80	0	92
BdenJEL423_SC29_region	10519	639579	60.80	0	92
BdenJEL423_SC30	9825	503468	51.24	0	96
BdenJEL423_SC30_region	9825	503468	51.24	0	96
BdenJEL423_SC31	9499	573508	60.38	0	94
BdenJEL423_SC31_region	9499	573508	60.38	0	94
BdenJEL423_SC32	9394	691578	73.62	0	100
BdenJEL423_SC32_region	9394	691578	73.62	0	100
BdenJEL423_SC33	8891	438383	49.31	0	79
BdenJEL423_SC33_region	8891	438383	49.31	0	79
BdenJEL423_SC34	8868	555779	62.67	0	88
BdenJEL423_SC34_region	8868	555779	62.67	0	88
BdenJEL423_SC35	14477	703891	48.62	0	101
BdenJEL423_SC35_region	14477	703891	48.62	0	101
BdenJEL423_SC36	8411	573685	68.21	0	94
BdenJEL423_SC36_region	8411	573685	68.21	0	94
BdenJEL423_SC37	8246	434976	52.75	0	88
BdenJEL423_SC37_region	8246	434976	52.75	0	88
BdenJEL423_SC38	7919	460454	58.15	1	91
BdenJEL423_SC38_region	7919	460454	58.15	1	91
BdenJEL423_SC39	7486	500528	66.86	0	100
BdenJEL423_SC39_region	7486	500528	66.86	0	100
BdenJEL423_SC40	7373	278734	37.80	0	68
BdenJEL423_SC40_region	7373	278734	37.80	0	68
BdenJEL423_SC41	7250	715406	98.68	2	101
BdenJEL423_SC41_region	7250	715406	98.68	2	101
BdenJEL423_SC42	7213	413696	57.35	0	86
BdenJEL423_SC42_region	7213	413696	57.35	0	86
BdenJEL423_SC43	7203	453209	62.92	0	93
BdenJEL423_SC43_region	7203	453209	62.92	0	93
BdenJEL423_SC44	7151	444155	62.11	0	92
BdenJEL423_SC44_region	7151	444155	62.11	0	92
BdenJEL423_SC45	7120	431189	60.56	0	93
BdenJEL423_SC45_region	7120	431189	60.56	0	93
BdenJEL423_SC46	7014	386086	55.05	0	89
BdenJEL423_SC46_region	7014	386086	55.05	0	89
BdenJEL423_SC47	6856	545572	79.58	0	101
BdenJEL423_SC47_region	6856	545572	79.58	0	101
BdenJEL423_SC48	6834	451819	66.11	0	93
BdenJEL423_SC48_region	6834	451819	66.11	0	93
BdenJEL423_SC49	6519	550738	84.48	0	100
BdenJEL423_SC49_region	6519	550738	84.48	0	100
BdenJEL423_SC50	6174	334283	54.14	0	86
BdenJEL423_SC50_region	6174	334283	54.14	0	86
BdenJEL423_SC51	6095	468116	76.80	0	100
BdenJEL423_SC51_region	6095	468116	76.80	0	100
BdenJEL423_SC52	6071	293506	48.35	1	80
BdenJEL423_SC52_region	6071	293506	48.35	1	80
BdenJEL423_SC53	6016	505646	84.05	0	100
BdenJEL423_SC53_region	6016	505646	84.05	0	100
BdenJEL423_SC54	5992	549158	91.65	0	100
BdenJEL423_SC54_region	5992	549158	91.65	0	100
BdenJEL423_SC55	5977	347421	58.13	0	84
BdenJEL423_SC55_region	5977	347421	58.13	0	84
BdenJEL423_SC56	5808	350386	60.33	0	97
BdenJEL423_SC56_region	5808	350386	60.33	0	97
BdenJEL423_SC57	5752	456084	79.29	0	100
BdenJEL423_SC57_region	5752	456084	79.29	0	100
BdenJEL423_SC58	8484	505163	59.54	0	122
BdenJEL423_SC58_region	8484	505163	59.54	0	122
BdenJEL423_SC59	5694	352276	61.87	0	91
BdenJEL423_SC59_region	5694	352276	61.87	0	91
BdenJEL423_SC60	5543	305941	55.19	0	89
BdenJEL423_SC60_region	5543	305941	55.19	0	89
BdenJEL423_SC61	5512	314603	57.08	0	86
BdenJEL423_SC61_region	5512	314603	57.08	0	86
BdenJEL423_SC62	5380	275527	51.21	0	89
BdenJEL423_SC62_region	5380	275527	51.21	0	89
BdenJEL423_SC63	5288	262694	49.68	0	86
BdenJEL423_SC63_region	5288	262694	49.68	0	86
BdenJEL423_SC64	5189	303984	58.58	0	94
BdenJEL423_SC64_region	5189	303984	58.58	0	94
BdenJEL423_SC65	5077	451646	88.96	0	110
BdenJEL423_SC65_region	5077	451646	88.96	0	110
BdenJEL423_SC66	4922	285215	57.95	0	95
BdenJEL423_SC66_region	4922	285215	57.95	0	95
BdenJEL423_SC67	4755	188237	39.59	0	82
BdenJEL423_SC67_region	4755	188237	39.59	0	82
BdenJEL423_SC68	4529	356776	78.78	1	100
BdenJEL423_SC68_region	4529	356776	78.78	1	100
BdenJEL423_SC69	2608	211685	81.17	0	100
BdenJEL423_SC69_region	2608	211685	81.17	0	100
BdenJEL423_mito	175284	17076408	97.42	0	102
BdenJEL423_mito_region	175284	17076408	97.42	0	102
total	23897668	1428836341	59.79	0	122
total_region	23897668	1428836341	59.79	0	122
