chrom	length	bases	mean	min	max
BdenJEL423_SC01	4440149	485946040	109.44	0	1802
BdenJEL423_SC01_region	4440149	485946040	109.44	0	1802
BdenJEL423_SC02	2313122	377213057	163.08	0	3012
BdenJEL423_SC02_region	2313122	377213057	163.08	0	3012
BdenJEL423_SC03	1829408	274611929	150.11	0	10465
BdenJEL423_SC03_region	1829408	274611929	150.11	0	10465
BdenJEL423_SC04	1803316	214303930	118.84	0	1149
BdenJEL423_SC04_region	1803316	214303930	118.84	0	1149
BdenJEL423_SC05	1707251	188229300	110.25	0	1575
BdenJEL423_SC05_region	1707251	188229300	110.25	0	1575
BdenJEL423_SC06	1545501	176633364	114.29	0	1548
BdenJEL423_SC06_region	1545501	176633364	114.29	0	1548
BdenJEL423_SC07	1398854	158939612	113.62	0	2877
BdenJEL423_SC07_region	1398854	158939612	113.62	0	2877
BdenJEL423_SC08	1069847	131830075	123.22	0	6431
BdenJEL423_SC08_region	1069847	131830075	123.22	0	6431
BdenJEL423_SC09	1057463	114494903	108.27	0	913
BdenJEL423_SC09_region	1057463	114494903	108.27	0	913
BdenJEL423_SC10	1012305	118430771	116.99	0	3801
BdenJEL423_SC10_region	1012305	118430771	116.99	0	3801
BdenJEL423_SC11	979369	108661076	110.95	0	1580
BdenJEL423_SC11_region	979369	108661076	110.95	0	1580
BdenJEL423_SC12	937107	101053069	107.84	0	776
BdenJEL423_SC12_region	937107	101053069	107.84	0	776
BdenJEL423_SC13	898261	109880025	122.33	0	2930
BdenJEL423_SC13_region	898261	109880025	122.33	0	2930
BdenJEL423_SC14	857155	170527142	198.95	0	6908
BdenJEL423_SC14_region	857155	170527142	198.95	0	6908
BdenJEL423_SC15	557602	68519863	122.88	0	2299
BdenJEL423_SC15_region	557602	68519863	122.88	0	2299
BdenJEL423_SC16	498254	47751393	95.84	0	752
BdenJEL423_SC16_region	498254	47751393	95.84	0	752
BdenJEL423_SC17	243426	29630594	121.72	0	624
BdenJEL423_SC17_region	243426	29630594	121.72	0	624
BdenJEL423_SC18	48566	8501180	175.04	0	3089
BdenJEL423_SC18_region	48566	8501180	175.04	0	3089
BdenJEL423_SC19	69118	4627805	66.96	0	442
BdenJEL423_SC19_region	69118	4627805	66.96	0	442
BdenJEL423_SC20	45066	7234227	160.53	0	1044
BdenJEL423_SC20_region	45066	7234227	160.53	0	1044
BdenJEL423_SC21	28371	3229572	113.83	1	223
BdenJEL423_SC21_region	28371	3229572	113.83	1	223
BdenJEL423_SC22	17531	1868970	106.61	0	566
BdenJEL423_SC22_region	17531	1868970	106.61	0	566
BdenJEL423_SC23	15724	3912355	248.81	0	996
BdenJEL423_SC23_region	15724	3912355	248.81	0	996
BdenJEL423_SC24	15635	2595808	166.03	0	607
BdenJEL423_SC24_region	15635	2595808	166.03	0	607
BdenJEL423_SC25	13302	2958417	222.40	0	865
BdenJEL423_SC25_region	13302	2958417	222.40	0	865
BdenJEL423_SC26	12287	1473845	119.95	0	526
BdenJEL423_SC26_region	12287	1473845	119.95	0	526
BdenJEL423_SC27	11745	3354161	285.58	0	4046
BdenJEL423_SC27_region	11745	3354161	285.58	0	4046
BdenJEL423_SC28	11715	1617820	138.10	0	513
BdenJEL423_SC28_region	11715	1617820	138.10	0	513
BdenJEL423_SC29	10519	1458348	138.64	0	506
BdenJEL423_SC29_region	10519	1458348	138.64	0	506
BdenJEL423_SC30	9825	842013	85.70	0	248
BdenJEL423_SC30_region	9825	842013	85.70	0	248
BdenJEL423_SC31	9499	697124	73.39	0	337
BdenJEL423_SC31_region	9499	697124	73.39	0	337
BdenJEL423_SC32	9394	1822092	193.96	0	1295
BdenJEL423_SC32_region	9394	1822092	193.96	0	1295
BdenJEL423_SC33	8891	499578	56.19	0	183
BdenJEL423_SC33_region	8891	499578	56.19	0	183
BdenJEL423_SC34	8868	924744	104.28	0	285
BdenJEL423_SC34_region	8868	924744	104.28	0	285
BdenJEL423_SC35	14477	4307943	297.57	0	2972
BdenJEL423_SC35_region	14477	4307943	297.57	0	2972
BdenJEL423_SC36	8411	972037	115.57	0	380
BdenJEL423_SC36_region	8411	972037	115.57	0	380
BdenJEL423_SC37	8246	921677	111.77	0	497
BdenJEL423_SC37_region	8246	921677	111.77	0	497
BdenJEL423_SC38	7919	703042	88.78	0	260
BdenJEL423_SC38_region	7919	703042	88.78	0	260
BdenJEL423_SC39	7486	1560551	208.46	0	2235
BdenJEL423_SC39_region	7486	1560551	208.46	0	2235
BdenJEL423_SC40	7373	459353	62.30	0	202
BdenJEL423_SC40_region	7373	459353	62.30	0	202
BdenJEL423_SC41	7250	8732991	1204.55	0	2229
BdenJEL423_SC41_region	7250	8732991	1204.55	0	2229
BdenJEL423_SC42	7213	949036	131.57	0	336
BdenJEL423_SC42_region	7213	949036	131.57	0	336
BdenJEL423_SC43	7203	557164	77.35	0	250
BdenJEL423_SC43_region	7203	557164	77.35	0	250
BdenJEL423_SC44	7151	736721	103.02	0	390
BdenJEL423_SC44_region	7151	736721	103.02	0	390
BdenJEL423_SC45	7120	559599	78.60	0	384
BdenJEL423_SC45_region	7120	559599	78.60	0	384
BdenJEL423_SC46	7014	635776	90.64	0	346
BdenJEL423_SC46_region	7014	635776	90.64	0	346
BdenJEL423_SC47	6856	2097936	306.00	0	1530
BdenJEL423_SC47_region	6856	2097936	306.00	0	1530
BdenJEL423_SC48	6834	1313534	192.21	0	528
BdenJEL423_SC48_region	6834	1313534	192.21	0	528
BdenJEL423_SC49	6519	4752141	728.97	0	8222
BdenJEL423_SC49_region	6519	4752141	728.97	0	8222
BdenJEL423_SC50	6174	721154	116.80	0	455
BdenJEL423_SC50_region	6174	721154	116.80	0	455
BdenJEL423_SC51	6095	2417213	396.59	0	3105
BdenJEL423_SC51_region	6095	2417213	396.59	0	3105
BdenJEL423_SC52	6071	483779	79.69	0	275
BdenJEL423_SC52_region	6071	483779	79.69	0	275
BdenJEL423_SC53	6016	2451450	407.49	0	3555
BdenJEL423_SC53_region	6016	2451450	407.49	0	3555
BdenJEL423_SC54	5992	5938215	991.02	0	5451
BdenJEL423_SC54_region	5992	5938215	991.02	0	5451
BdenJEL423_SC55	5977	482079	80.66	0	284
BdenJEL423_SC55_region	5977	482079	80.66	0	284
BdenJEL423_SC56	5808	679064	116.92	0	460
BdenJEL423_SC56_region	5808	679064	116.92	0	460
BdenJEL423_SC57	5752	2298155	399.54	0	2523
BdenJEL423_SC57_region	5752	2298155	399.54	0	2523
BdenJEL423_SC58	8484	4975263	586.43	0	4599
BdenJEL423_SC58_region	8484	4975263	586.43	0	4599
BdenJEL423_SC59	5694	1026429	180.27	0	478
BdenJEL423_SC59_region	5694	1026429	180.27	0	478
BdenJEL423_SC60	5543	278325	50.21	0	230
BdenJEL423_SC60_region	5543	278325	50.21	0	230
BdenJEL423_SC61	5512	986952	179.06	0	667
BdenJEL423_SC61_region	5512	986952	179.06	0	667
BdenJEL423_SC62	5380	723378	134.46	0	615
BdenJEL423_SC62_region	5380	723378	134.46	0	615
BdenJEL423_SC63	5288	324543	61.37	0	296
BdenJEL423_SC63_region	5288	324543	61.37	0	296
BdenJEL423_SC64	5189	610555	117.66	0	352
BdenJEL423_SC64_region	5189	610555	117.66	0	352
BdenJEL423_SC65	5077	3206174	631.51	0	1648
BdenJEL423_SC65_region	5077	3206174	631.51	0	1648
BdenJEL423_SC66	4922	378685	76.94	0	344
BdenJEL423_SC66_region	4922	378685	76.94	0	344
BdenJEL423_SC67	4755	383607	80.67	0	301
BdenJEL423_SC67_region	4755	383607	80.67	0	301
BdenJEL423_SC68	4529	5348206	1180.88	0	4760
BdenJEL423_SC68_region	4529	5348206	1180.88	0	4760
BdenJEL423_SC69	2608	802844	307.84	0	1357
BdenJEL423_SC69_region	2608	802844	307.84	0	1357
BdenJEL423_mito	175284	180713492	1030.98	0	3029
BdenJEL423_mito_region	175284	180713492	1030.98	0	3029
total	23897668	3168763265	132.60	0	10465
total_region	23897668	3168763265	132.60	0	10465
