chrom	length	bases	mean	min	max
BdenJEL423_SC01	4440149	682749441	153.77	0	1398
BdenJEL423_SC01_region	4440149	682749441	153.77	0	1398
BdenJEL423_SC02	2313122	408053046	176.41	0	7873
BdenJEL423_SC02_region	2313122	408053046	176.41	0	7873
BdenJEL423_SC03	1829408	283686932	155.07	0	6151
BdenJEL423_SC03_region	1829408	283686932	155.07	0	6151
BdenJEL423_SC04	1803316	277252438	153.75	0	907
BdenJEL423_SC04_region	1803316	277252438	153.75	0	907
BdenJEL423_SC05	1707251	285274636	167.10	0	2253
BdenJEL423_SC05_region	1707251	285274636	167.10	0	2253
BdenJEL423_SC06	1545501	191498232	123.91	0	3256
BdenJEL423_SC06_region	1545501	191498232	123.91	0	3256
BdenJEL423_SC07	1398854	216807746	154.99	0	8943
BdenJEL423_SC07_region	1398854	216807746	154.99	0	8943
BdenJEL423_SC08	1069847	169383157	158.32	0	7049
BdenJEL423_SC08_region	1069847	169383157	158.32	0	7049
BdenJEL423_SC09	1057463	123715390	116.99	0	923
BdenJEL423_SC09_region	1057463	123715390	116.99	0	923
BdenJEL423_SC10	1012305	174178649	172.06	0	3104
BdenJEL423_SC10_region	1012305	174178649	172.06	0	3104
BdenJEL423_SC11	979369	117763379	120.24	0	2060
BdenJEL423_SC11_region	979369	117763379	120.24	0	2060
BdenJEL423_SC12	937107	155274372	165.70	0	901
BdenJEL423_SC12_region	937107	155274372	165.70	0	901
BdenJEL423_SC13	898261	145444022	161.92	0	3364
BdenJEL423_SC13_region	898261	145444022	161.92	0	3364
BdenJEL423_SC14	857155	229717631	268.00	0	8015
BdenJEL423_SC14_region	857155	229717631	268.00	0	8015
BdenJEL423_SC15	557602	90840620	162.91	0	1689
BdenJEL423_SC15_region	557602	90840620	162.91	0	1689
BdenJEL423_SC16	498254	73863877	148.25	0	1019
BdenJEL423_SC16_region	498254	73863877	148.25	0	1019
BdenJEL423_SC17	243426	37044035	152.18	0	886
BdenJEL423_SC17_region	243426	37044035	152.18	0	886
BdenJEL423_SC18	48566	9214050	189.72	0	3007
BdenJEL423_SC18_region	48566	9214050	189.72	0	3007
BdenJEL423_SC19	69118	6239031	90.27	0	685
BdenJEL423_SC19_region	69118	6239031	90.27	0	685
BdenJEL423_SC20	45066	8448696	187.47	0	1096
BdenJEL423_SC20_region	45066	8448696	187.47	0	1096
BdenJEL423_SC21	28371	4371970	154.10	2	271
BdenJEL423_SC21_region	28371	4371970	154.10	2	271
BdenJEL423_SC22	17531	2355476	134.36	0	789
BdenJEL423_SC22_region	17531	2355476	134.36	0	789
BdenJEL423_SC23	15724	5298000	336.94	0	2135
BdenJEL423_SC23_region	15724	5298000	336.94	0	2135
BdenJEL423_SC24	15635	2269624	145.16	0	537
BdenJEL423_SC24_region	15635	2269624	145.16	0	537
BdenJEL423_SC25	13302	2361177	177.51	0	788
BdenJEL423_SC25_region	13302	2361177	177.51	0	788
BdenJEL423_SC26	12287	1273547	103.65	0	513
BdenJEL423_SC26_region	12287	1273547	103.65	0	513
BdenJEL423_SC27	11745	5412331	460.82	0	6149
BdenJEL423_SC27_region	11745	5412331	460.82	0	6149
BdenJEL423_SC28	11715	1884940	160.90	0	455
BdenJEL423_SC28_region	11715	1884940	160.90	0	455
BdenJEL423_SC29	10519	1513831	143.91	0	797
BdenJEL423_SC29_region	10519	1513831	143.91	0	797
BdenJEL423_SC30	9825	1036355	105.48	0	405
BdenJEL423_SC30_region	9825	1036355	105.48	0	405
BdenJEL423_SC31	9499	1095275	115.30	0	619
BdenJEL423_SC31_region	9499	1095275	115.30	0	619
BdenJEL423_SC32	9394	2087493	222.22	0	1516
BdenJEL423_SC32_region	9394	2087493	222.22	0	1516
BdenJEL423_SC33	8891	1178788	132.58	0	231
BdenJEL423_SC33_region	8891	1178788	132.58	0	231
BdenJEL423_SC34	8868	1350018	152.23	0	456
BdenJEL423_SC34_region	8868	1350018	152.23	0	456
BdenJEL423_SC35	14477	7232683	499.60	0	3976
BdenJEL423_SC35_region	14477	7232683	499.60	0	3976
BdenJEL423_SC36	8411	1243284	147.82	0	724
BdenJEL423_SC36_region	8411	1243284	147.82	0	724
BdenJEL423_SC37	8246	902967	109.50	0	463
BdenJEL423_SC37_region	8246	902967	109.50	0	463
BdenJEL423_SC38	7919	1165964	147.24	0	777
BdenJEL423_SC38_region	7919	1165964	147.24	0	777
BdenJEL423_SC39	7486	2009335	268.41	0	3001
BdenJEL423_SC39_region	7486	2009335	268.41	0	3001
BdenJEL423_SC40	7373	493043	66.87	0	183
BdenJEL423_SC40_region	7373	493043	66.87	0	183
BdenJEL423_SC41	7250	6543049	902.49	0	3252
BdenJEL423_SC41_region	7250	6543049	902.49	0	3252
BdenJEL423_SC42	7213	734392	101.82	0	527
BdenJEL423_SC42_region	7213	734392	101.82	0	527
BdenJEL423_SC43	7203	549598	76.30	0	302
BdenJEL423_SC43_region	7203	549598	76.30	0	302
BdenJEL423_SC44	7151	691333	96.68	0	378
BdenJEL423_SC44_region	7151	691333	96.68	0	378
BdenJEL423_SC45	7120	846476	118.89	0	424
BdenJEL423_SC45_region	7120	846476	118.89	0	424
BdenJEL423_SC46	7014	636701	90.78	0	280
BdenJEL423_SC46_region	7014	636701	90.78	0	280
BdenJEL423_SC47	6856	2929860	427.34	0	2706
BdenJEL423_SC47_region	6856	2929860	427.34	0	2706
BdenJEL423_SC48	6834	601913	88.08	0	346
BdenJEL423_SC48_region	6834	601913	88.08	0	346
BdenJEL423_SC49	6519	4216480	646.80	0	6344
BdenJEL423_SC49_region	6519	4216480	646.80	0	6344
BdenJEL423_SC50	6174	652726	105.72	0	443
BdenJEL423_SC50_region	6174	652726	105.72	0	443
BdenJEL423_SC51	6095	3108776	510.05	0	4847
BdenJEL423_SC51_region	6095	3108776	510.05	0	4847
BdenJEL423_SC52	6071	633592	104.36	0	375
BdenJEL423_SC52_region	6071	633592	104.36	0	375
BdenJEL423_SC53	6016	2169331	360.59	0	2288
BdenJEL423_SC53_region	6016	2169331	360.59	0	2288
BdenJEL423_SC54	5992	2199421	367.06	0	1910
BdenJEL423_SC54_region	5992	2199421	367.06	0	1910
BdenJEL423_SC55	5977	641587	107.34	0	395
BdenJEL423_SC55_region	5977	641587	107.34	0	395
BdenJEL423_SC56	5808	802707	138.21	0	546
BdenJEL423_SC56_region	5808	802707	138.21	0	546
BdenJEL423_SC57	5752	4816449	837.35	0	4077
BdenJEL423_SC57_region	5752	4816449	837.35	0	4077
BdenJEL423_SC58	8484	7685330	905.86	0	6504
BdenJEL423_SC58_region	8484	7685330	905.86	0	6504
BdenJEL423_SC59	5694	1038878	182.45	0	578
BdenJEL423_SC59_region	5694	1038878	182.45	0	578
BdenJEL423_SC60	5543	397752	71.76	0	291
BdenJEL423_SC60_region	5543	397752	71.76	0	291
BdenJEL423_SC61	5512	924515	167.73	0	766
BdenJEL423_SC61_region	5512	924515	167.73	0	766
BdenJEL423_SC62	5380	409174	76.05	0	804
BdenJEL423_SC62_region	5380	409174	76.05	0	804
BdenJEL423_SC63	5288	495223	93.65	0	567
BdenJEL423_SC63_region	5288	495223	93.65	0	567
BdenJEL423_SC64	5189	660562	127.30	0	352
BdenJEL423_SC64_region	5189	660562	127.30	0	352
BdenJEL423_SC65	5077	4309056	848.74	0	2364
BdenJEL423_SC65_region	5077	4309056	848.74	0	2364
BdenJEL423_SC66	4922	547569	111.25	0	465
BdenJEL423_SC66_region	4922	547569	111.25	0	465
BdenJEL423_SC67	4755	571756	120.24	0	350
BdenJEL423_SC67_region	4755	571756	120.24	0	350
BdenJEL423_SC68	4529	3672613	810.91	6	3042
BdenJEL423_SC68_region	4529	3672613	810.91	6	3042
BdenJEL423_SC69	2608	1681696	644.82	0	2808
BdenJEL423_SC69_region	2608	1681696	644.82	0	2808
BdenJEL423_mito	175284	212461211	1212.10	0	3906
BdenJEL423_mito_region	175284	212461211	1212.10	0	3906
total	23897668	4000615207	167.41	0	8943
total_region	23897668	4000615207	167.41	0	8943
