chrom	length	bases	mean	min	max
BdenJEL423_SC01	4440149	713314231	160.65	0	1202
BdenJEL423_SC01_region	4440149	713314231	160.65	0	1202
BdenJEL423_SC02	2313122	505031839	218.33	0	8089
BdenJEL423_SC02_region	2313122	505031839	218.33	0	8089
BdenJEL423_SC03	1829408	304876486	166.65	0	7839
BdenJEL423_SC03_region	1829408	304876486	166.65	0	7839
BdenJEL423_SC04	1803316	290050767	160.84	0	1223
BdenJEL423_SC04_region	1803316	290050767	160.84	0	1223
BdenJEL423_SC05	1707251	388105370	227.33	0	2225
BdenJEL423_SC05_region	1707251	388105370	227.33	0	2225
BdenJEL423_SC06	1545501	254486811	164.66	0	3744
BdenJEL423_SC06_region	1545501	254486811	164.66	0	3744
BdenJEL423_SC07	1398854	228243114	163.16	0	6404
BdenJEL423_SC07_region	1398854	228243114	163.16	0	6404
BdenJEL423_SC08	1069847	179656977	167.93	0	8794
BdenJEL423_SC08_region	1069847	179656977	167.93	0	8794
BdenJEL423_SC09	1057463	165565421	156.57	0	994
BdenJEL423_SC09_region	1057463	165565421	156.57	0	994
BdenJEL423_SC10	1012305	167901428	165.86	0	4147
BdenJEL423_SC10_region	1012305	167901428	165.86	0	4147
BdenJEL423_SC11	979369	159909587	163.28	0	2019
BdenJEL423_SC11_region	979369	159909587	163.28	0	2019
BdenJEL423_SC12	937107	142638355	152.21	0	1149
BdenJEL423_SC12_region	937107	142638355	152.21	0	1149
BdenJEL423_SC13	898261	155828236	173.48	0	4122
BdenJEL423_SC13_region	898261	155828236	173.48	0	4122
BdenJEL423_SC14	857155	234606137	273.70	0	22560
BdenJEL423_SC14_region	857155	234606137	273.70	0	22560
BdenJEL423_SC15	557602	92544529	165.97	0	1511
BdenJEL423_SC15_region	557602	92544529	165.97	0	1511
BdenJEL423_SC16	498254	71884686	144.27	0	970
BdenJEL423_SC16_region	498254	71884686	144.27	0	970
BdenJEL423_SC17	243426	38134202	156.66	0	1058
BdenJEL423_SC17_region	243426	38134202	156.66	0	1058
BdenJEL423_SC18	48566	9748343	200.72	0	2917
BdenJEL423_SC18_region	48566	9748343	200.72	0	2917
BdenJEL423_SC19	69118	6381339	92.33	0	829
BdenJEL423_SC19_region	69118	6381339	92.33	0	829
BdenJEL423_SC20	45066	7745426	171.87	0	1320
BdenJEL423_SC20_region	45066	7745426	171.87	0	1320
BdenJEL423_SC21	28371	4500136	158.62	1	295
BdenJEL423_SC21_region	28371	4500136	158.62	1	295
BdenJEL423_SC22	17531	2369807	135.18	0	878
BdenJEL423_SC22_region	17531	2369807	135.18	0	878
BdenJEL423_SC23	15724	5796723	368.65	0	3424
BdenJEL423_SC23_region	15724	5796723	368.65	0	3424
BdenJEL423_SC24	15635	2572486	164.53	0	606
BdenJEL423_SC24_region	15635	2572486	164.53	0	606
BdenJEL423_SC25	13302	2251992	169.30	0	850
BdenJEL423_SC25_region	13302	2251992	169.30	0	850
BdenJEL423_SC26	12287	1452157	118.19	0	475
BdenJEL423_SC26_region	12287	1452157	118.19	0	475
BdenJEL423_SC27	11745	6684240	569.11	0	7636
BdenJEL423_SC27_region	11745	6684240	569.11	0	7636
BdenJEL423_SC28	11715	1659054	141.62	0	443
BdenJEL423_SC28_region	11715	1659054	141.62	0	443
BdenJEL423_SC29	10519	1837125	174.65	0	1070
BdenJEL423_SC29_region	10519	1837125	174.65	0	1070
BdenJEL423_SC30	9825	1224563	124.64	0	419
BdenJEL423_SC30_region	9825	1224563	124.64	0	419
BdenJEL423_SC31	9499	1175262	123.72	0	545
BdenJEL423_SC31_region	9499	1175262	123.72	0	545
BdenJEL423_SC32	9394	2540033	270.39	0	2258
BdenJEL423_SC32_region	9394	2540033	270.39	0	2258
BdenJEL423_SC33	8891	1656191	186.28	0	394
BdenJEL423_SC33_region	8891	1656191	186.28	0	394
BdenJEL423_SC34	8868	1178066	132.84	0	490
BdenJEL423_SC34_region	8868	1178066	132.84	0	490
BdenJEL423_SC35	14477	7771473	536.82	0	4156
BdenJEL423_SC35_region	14477	7771473	536.82	0	4156
BdenJEL423_SC36	8411	1512495	179.82	0	912
BdenJEL423_SC36_region	8411	1512495	179.82	0	912
BdenJEL423_SC37	8246	873418	105.92	0	407
BdenJEL423_SC37_region	8246	873418	105.92	0	407
BdenJEL423_SC38	7919	1210954	152.92	0	607
BdenJEL423_SC38_region	7919	1210954	152.92	0	607
BdenJEL423_SC39	7486	1676874	224.00	0	1987
BdenJEL423_SC39_region	7486	1676874	224.00	0	1987
BdenJEL423_SC40	7373	531046	72.03	2	186
BdenJEL423_SC40_region	7373	531046	72.03	2	186
BdenJEL423_SC41	7250	9710411	1339.37	0	3710
BdenJEL423_SC41_region	7250	9710411	1339.37	0	3710
BdenJEL423_SC42	7213	706112	97.89	0	376
BdenJEL423_SC42_region	7213	706112	97.89	0	376
BdenJEL423_SC43	7203	502129	69.71	0	291
BdenJEL423_SC43_region	7203	502129	69.71	0	291
BdenJEL423_SC44	7151	819261	114.57	0	534
BdenJEL423_SC44_region	7151	819261	114.57	0	534
BdenJEL423_SC45	7120	1039465	145.99	0	410
BdenJEL423_SC45_region	7120	1039465	145.99	0	410
BdenJEL423_SC46	7014	556354	79.32	0	207
BdenJEL423_SC46_region	7014	556354	79.32	0	207
BdenJEL423_SC47	6856	3172627	462.75	0	2924
BdenJEL423_SC47_region	6856	3172627	462.75	0	2924
BdenJEL423_SC48	6834	495279	72.47	0	271
BdenJEL423_SC48_region	6834	495279	72.47	0	271
BdenJEL423_SC49	6519	4251493	652.17	0	6582
BdenJEL423_SC49_region	6519	4251493	652.17	0	6582
BdenJEL423_SC50	6174	663630	107.49	0	465
BdenJEL423_SC50_region	6174	663630	107.49	0	465
BdenJEL423_SC51	6095	3439773	564.36	0	3274
BdenJEL423_SC51_region	6095	3439773	564.36	0	3274
BdenJEL423_SC52	6071	563395	92.80	0	399
BdenJEL423_SC52_region	6071	563395	92.80	0	399
BdenJEL423_SC53	6016	1971946	327.78	0	2300
BdenJEL423_SC53_region	6016	1971946	327.78	0	2300
BdenJEL423_SC54	5992	2781133	464.14	0	1933
BdenJEL423_SC54_region	5992	2781133	464.14	0	1933
BdenJEL423_SC55	5977	685762	114.73	0	392
BdenJEL423_SC55_region	5977	685762	114.73	0	392
BdenJEL423_SC56	5808	937398	161.40	0	625
BdenJEL423_SC56_region	5808	937398	161.40	0	625
BdenJEL423_SC57	5752	4822975	838.49	0	5272
BdenJEL423_SC57_region	5752	4822975	838.49	0	5272
BdenJEL423_SC58	8484	8486043	1000.24	0	7133
BdenJEL423_SC58_region	8484	8486043	1000.24	0	7133
BdenJEL423_SC59	5694	1392123	244.49	2	715
BdenJEL423_SC59_region	5694	1392123	244.49	2	715
BdenJEL423_SC60	5543	417618	75.34	0	290
BdenJEL423_SC60_region	5543	417618	75.34	0	290
BdenJEL423_SC61	5512	931094	168.92	0	705
BdenJEL423_SC61_region	5512	931094	168.92	0	705
BdenJEL423_SC62	5380	388945	72.29	0	527
BdenJEL423_SC62_region	5380	388945	72.29	0	527
BdenJEL423_SC63	5288	430234	81.36	0	381
BdenJEL423_SC63_region	5288	430234	81.36	0	381
BdenJEL423_SC64	5189	709704	136.77	0	362
BdenJEL423_SC64_region	5189	709704	136.77	0	362
BdenJEL423_SC65	5077	4569287	900.00	0	2669
BdenJEL423_SC65_region	5077	4569287	900.00	0	2669
BdenJEL423_SC66	4922	413628	84.04	0	307
BdenJEL423_SC66_region	4922	413628	84.04	0	307
BdenJEL423_SC67	4755	675424	142.05	2	351
BdenJEL423_SC67_region	4755	675424	142.05	2	351
BdenJEL423_SC68	4529	3707327	818.58	3	3860
BdenJEL423_SC68_region	4529	3707327	818.58	3	3860
BdenJEL423_SC69	2608	1921155	736.64	0	2929
BdenJEL423_SC69_region	2608	1921155	736.64	0	2929
BdenJEL423_mito	175284	282338870	1610.75	0	5359
BdenJEL423_mito_region	175284	282338870	1610.75	0	5359
total	23897668	4510627974	188.75	0	22560
total_region	23897668	4510627974	188.75	0	22560
