chrom	length	bases	mean	min	max
BdenJEL423_SC01	4440149	655521742	147.64	0	1052
BdenJEL423_SC01_region	4440149	655521742	147.64	0	1052
BdenJEL423_SC02	2313122	383996388	166.01	0	4029
BdenJEL423_SC02_region	2313122	383996388	166.01	0	4029
BdenJEL423_SC03	1829408	282338016	154.33	0	3148
BdenJEL423_SC03_region	1829408	282338016	154.33	0	3148
BdenJEL423_SC04	1803316	265044766	146.98	0	810
BdenJEL423_SC04_region	1803316	265044766	146.98	0	810
BdenJEL423_SC05	1707251	248927338	145.81	0	1986
BdenJEL423_SC05_region	1707251	248927338	145.81	0	1986
BdenJEL423_SC06	1545501	232614093	150.51	0	3662
BdenJEL423_SC06_region	1545501	232614093	150.51	0	3662
BdenJEL423_SC07	1398854	221095505	158.05	0	1705
BdenJEL423_SC07_region	1398854	221095505	158.05	0	1705
BdenJEL423_SC08	1069847	165225716	154.44	0	6008
BdenJEL423_SC08_region	1069847	165225716	154.44	0	6008
BdenJEL423_SC09	1057463	152564465	144.27	0	702
BdenJEL423_SC09_region	1057463	152564465	144.27	0	702
BdenJEL423_SC10	1012305	147481311	145.69	0	1682
BdenJEL423_SC10_region	1012305	147481311	145.69	0	1682
BdenJEL423_SC11	979369	142280762	145.28	0	1354
BdenJEL423_SC11_region	979369	142280762	145.28	0	1354
BdenJEL423_SC12	937107	132906450	141.83	0	1093
BdenJEL423_SC12_region	937107	132906450	141.83	0	1093
BdenJEL423_SC13	898261	142322829	158.44	0	2860
BdenJEL423_SC13_region	898261	142322829	158.44	0	2860
BdenJEL423_SC14	857155	299008401	348.84	0	8975
BdenJEL423_SC14_region	857155	299008401	348.84	0	8975
BdenJEL423_SC15	557602	83478631	149.71	0	1259
BdenJEL423_SC15_region	557602	83478631	149.71	0	1259
BdenJEL423_SC16	498254	67652911	135.78	0	775
BdenJEL423_SC16_region	498254	67652911	135.78	0	775
BdenJEL423_SC17	243426	25255040	103.75	0	353
BdenJEL423_SC17_region	243426	25255040	103.75	0	353
BdenJEL423_SC18	48566	9867682	203.18	0	3134
BdenJEL423_SC18_region	48566	9867682	203.18	0	3134
BdenJEL423_SC19	69118	5742831	83.09	0	269
BdenJEL423_SC19_region	69118	5742831	83.09	0	269
BdenJEL423_SC20	45066	4618558	102.48	0	594
BdenJEL423_SC20_region	45066	4618558	102.48	0	594
BdenJEL423_SC21	28371	3949184	139.20	1	207
BdenJEL423_SC21_region	28371	3949184	139.20	1	207
BdenJEL423_SC22	17531	1670148	95.27	0	235
BdenJEL423_SC22_region	17531	1670148	95.27	0	235
BdenJEL423_SC23	15724	5618329	357.31	0	1561
BdenJEL423_SC23_region	15724	5618329	357.31	0	1561
BdenJEL423_SC24	15635	1832329	117.19	0	337
BdenJEL423_SC24_region	15635	1832329	117.19	0	337
BdenJEL423_SC25	13302	2348947	176.59	0	973
BdenJEL423_SC25_region	13302	2348947	176.59	0	973
BdenJEL423_SC26	12287	2040298	166.05	3	576
BdenJEL423_SC26_region	12287	2040298	166.05	3	576
BdenJEL423_SC27	11745	3305408	281.43	0	1342
BdenJEL423_SC27_region	11745	3305408	281.43	0	1342
BdenJEL423_SC28	11715	1534061	130.95	0	325
BdenJEL423_SC28_region	11715	1534061	130.95	0	325
BdenJEL423_SC29	10519	887027	84.33	0	228
BdenJEL423_SC29_region	10519	887027	84.33	0	228
BdenJEL423_SC30	9825	1043192	106.18	0	274
BdenJEL423_SC30_region	9825	1043192	106.18	0	274
BdenJEL423_SC31	9499	1099672	115.77	0	331
BdenJEL423_SC31_region	9499	1099672	115.77	0	331
BdenJEL423_SC32	9394	2519468	268.20	0	1096
BdenJEL423_SC32_region	9394	2519468	268.20	0	1096
BdenJEL423_SC33	8891	1089352	122.52	0	245
BdenJEL423_SC33_region	8891	1089352	122.52	0	245
BdenJEL423_SC34	8868	1289951	145.46	0	383
BdenJEL423_SC34_region	8868	1289951	145.46	0	383
BdenJEL423_SC35	14477	6980307	482.17	0	2072
BdenJEL423_SC35_region	14477	6980307	482.17	0	2072
BdenJEL423_SC36	8411	1026344	122.02	0	317
BdenJEL423_SC36_region	8411	1026344	122.02	0	317
BdenJEL423_SC37	8246	732443	88.82	0	262
BdenJEL423_SC37_region	8246	732443	88.82	0	262
BdenJEL423_SC38	7919	1116739	141.02	0	264
BdenJEL423_SC38_region	7919	1116739	141.02	0	264
BdenJEL423_SC39	7486	1369526	182.94	0	572
BdenJEL423_SC39_region	7486	1369526	182.94	0	572
BdenJEL423_SC40	7373	868847	117.84	3	236
BdenJEL423_SC40_region	7373	868847	117.84	3	236
BdenJEL423_SC41	7250	3529084	486.77	0	1316
BdenJEL423_SC41_region	7250	3529084	486.77	0	1316
BdenJEL423_SC42	7213	910453	126.22	0	360
BdenJEL423_SC42_region	7213	910453	126.22	0	360
BdenJEL423_SC43	7203	683402	94.88	0	221
BdenJEL423_SC43_region	7203	683402	94.88	0	221
BdenJEL423_SC44	7151	533715	74.64	0	216
BdenJEL423_SC44_region	7151	533715	74.64	0	216
BdenJEL423_SC45	7120	908148	127.55	0	289
BdenJEL423_SC45_region	7120	908148	127.55	0	289
BdenJEL423_SC46	7014	821456	117.12	0	319
BdenJEL423_SC46_region	7014	821456	117.12	0	319
BdenJEL423_SC47	6856	3134218	457.15	0	1553
BdenJEL423_SC47_region	6856	3134218	457.15	0	1553
BdenJEL423_SC48	6834	1107551	162.06	0	317
BdenJEL423_SC48_region	6834	1107551	162.06	0	317
BdenJEL423_SC49	6519	3727030	571.72	0	2092
BdenJEL423_SC49_region	6519	3727030	571.72	0	2092
BdenJEL423_SC50	6174	857297	138.86	0	233
BdenJEL423_SC50_region	6174	857297	138.86	0	233
BdenJEL423_SC51	6095	4846267	795.12	0	4605
BdenJEL423_SC51_region	6095	4846267	795.12	0	4605
BdenJEL423_SC52	6071	585771	96.49	7	195
BdenJEL423_SC52_region	6071	585771	96.49	7	195
BdenJEL423_SC53	6016	7484665	1244.13	0	2878
BdenJEL423_SC53_region	6016	7484665	1244.13	0	2878
BdenJEL423_SC54	5992	5737777	957.57	0	3455
BdenJEL423_SC54_region	5992	5737777	957.57	0	3455
BdenJEL423_SC55	5977	379609	63.51	0	187
BdenJEL423_SC55_region	5977	379609	63.51	0	187
BdenJEL423_SC56	5808	994659	171.26	0	416
BdenJEL423_SC56_region	5808	994659	171.26	0	416
BdenJEL423_SC57	5752	2803971	487.48	0	1859
BdenJEL423_SC57_region	5752	2803971	487.48	0	1859
BdenJEL423_SC58	8484	9520819	1122.21	0	7527
BdenJEL423_SC58_region	8484	9520819	1122.21	0	7527
BdenJEL423_SC59	5694	1147990	201.61	0	514
BdenJEL423_SC59_region	5694	1147990	201.61	0	514
BdenJEL423_SC60	5543	185897	33.54	0	178
BdenJEL423_SC60_region	5543	185897	33.54	0	178
BdenJEL423_SC61	5512	424495	77.01	0	377
BdenJEL423_SC61_region	5512	424495	77.01	0	377
BdenJEL423_SC62	5380	542490	100.83	0	294
BdenJEL423_SC62_region	5380	542490	100.83	0	294
BdenJEL423_SC63	5288	489403	92.55	0	289
BdenJEL423_SC63_region	5288	489403	92.55	0	289
BdenJEL423_SC64	5189	661072	127.40	0	234
BdenJEL423_SC64_region	5189	661072	127.40	0	234
BdenJEL423_SC65	5077	5334590	1050.74	6	2883
BdenJEL423_SC65_region	5077	5334590	1050.74	6	2883
BdenJEL423_SC66	4922	554475	112.65	0	404
BdenJEL423_SC66_region	4922	554475	112.65	0	404
BdenJEL423_SC67	4755	98937	20.81	0	87
BdenJEL423_SC67_region	4755	98937	20.81	0	87
BdenJEL423_SC68	4529	9837598	2172.13	15	3680
BdenJEL423_SC68_region	4529	9837598	2172.13	15	3680
BdenJEL423_SC69	2608	4181447	1603.32	0	5230
BdenJEL423_SC69_region	2608	4181447	1603.32	0	5230
BdenJEL423_mito	175284	155496376	887.11	0	1826
BdenJEL423_mito_region	175284	155496376	887.11	0	1826
total	23897668	3937785669	164.78	0	8975
total_region	23897668	3937785669	164.78	0	8975
