chrom	length	bases	mean	min	max
BdenJEL423_SC01	4440149	726906043	163.71	0	1804
BdenJEL423_SC01_region	4440149	726906043	163.71	0	1804
BdenJEL423_SC02	2313122	403777346	174.56	0	5473
BdenJEL423_SC02_region	2313122	403777346	174.56	0	5473
BdenJEL423_SC03	1829408	295080366	161.30	0	3900
BdenJEL423_SC03_region	1829408	295080366	161.30	0	3900
BdenJEL423_SC04	1803316	288982486	160.25	0	810
BdenJEL423_SC04_region	1803316	288982486	160.25	0	810
BdenJEL423_SC05	1707251	273715144	160.33	0	1861
BdenJEL423_SC05_region	1707251	273715144	160.33	0	1861
BdenJEL423_SC06	1545501	251841503	162.95	0	4420
BdenJEL423_SC06_region	1545501	251841503	162.95	0	4420
BdenJEL423_SC07	1398854	234730445	167.80	0	2989
BdenJEL423_SC07_region	1398854	234730445	167.80	0	2989
BdenJEL423_SC08	1069847	177485899	165.90	0	7493
BdenJEL423_SC08_region	1069847	177485899	165.90	0	7493
BdenJEL423_SC09	1057463	168192299	159.05	0	657
BdenJEL423_SC09_region	1057463	168192299	159.05	0	657
BdenJEL423_SC10	1012305	158008554	156.09	0	1951
BdenJEL423_SC10_region	1012305	158008554	156.09	0	1951
BdenJEL423_SC11	979369	150212835	153.38	0	1222
BdenJEL423_SC11_region	979369	150212835	153.38	0	1222
BdenJEL423_SC12	937107	138741485	148.05	0	1091
BdenJEL423_SC12_region	937107	138741485	148.05	0	1091
BdenJEL423_SC13	898261	152572832	169.85	0	2908
BdenJEL423_SC13_region	898261	152572832	169.85	0	2908
BdenJEL423_SC14	857155	347009479	404.84	0	8285
BdenJEL423_SC14_region	857155	347009479	404.84	0	8285
BdenJEL423_SC15	557602	87969463	157.76	0	1757
BdenJEL423_SC15_region	557602	87969463	157.76	0	1757
BdenJEL423_SC16	498254	71395281	143.29	0	1183
BdenJEL423_SC16_region	498254	71395281	143.29	0	1183
BdenJEL423_SC17	243426	26570370	109.15	0	551
BdenJEL423_SC17_region	243426	26570370	109.15	0	551
BdenJEL423_SC18	48566	10844345	223.29	0	5621
BdenJEL423_SC18_region	48566	10844345	223.29	0	5621
BdenJEL423_SC19	69118	5638211	81.57	0	269
BdenJEL423_SC19_region	69118	5638211	81.57	0	269
BdenJEL423_SC20	45066	4508900	100.05	0	537
BdenJEL423_SC20_region	45066	4508900	100.05	0	537
BdenJEL423_SC21	28371	4036757	142.28	3	252
BdenJEL423_SC21_region	28371	4036757	142.28	3	252
BdenJEL423_SC22	17531	1782462	101.67	0	258
BdenJEL423_SC22_region	17531	1782462	101.67	0	258
BdenJEL423_SC23	15724	6771134	430.62	0	3144
BdenJEL423_SC23_region	15724	6771134	430.62	0	3144
BdenJEL423_SC24	15635	1594906	102.01	0	269
BdenJEL423_SC24_region	15635	1594906	102.01	0	269
BdenJEL423_SC25	13302	1906930	143.36	0	939
BdenJEL423_SC25_region	13302	1906930	143.36	0	939
BdenJEL423_SC26	12287	2364846	192.47	1	703
BdenJEL423_SC26_region	12287	2364846	192.47	1	703
BdenJEL423_SC27	11745	3634388	309.44	0	1439
BdenJEL423_SC27_region	11745	3634388	309.44	0	1439
BdenJEL423_SC28	11715	1539840	131.44	0	309
BdenJEL423_SC28_region	11715	1539840	131.44	0	309
BdenJEL423_SC29	10519	809483	76.95	0	199
BdenJEL423_SC29_region	10519	809483	76.95	0	199
BdenJEL423_SC30	9825	1029420	104.78	0	275
BdenJEL423_SC30_region	9825	1029420	104.78	0	275
BdenJEL423_SC31	9499	848547	89.33	0	250
BdenJEL423_SC31_region	9499	848547	89.33	0	250
BdenJEL423_SC32	9394	2860660	304.52	0	1236
BdenJEL423_SC32_region	9394	2860660	304.52	0	1236
BdenJEL423_SC33	8891	1184116	133.18	0	296
BdenJEL423_SC33_region	8891	1184116	133.18	0	296
BdenJEL423_SC34	8868	1200974	135.43	0	334
BdenJEL423_SC34_region	8868	1200974	135.43	0	334
BdenJEL423_SC35	14477	8160339	563.68	0	2518
BdenJEL423_SC35_region	14477	8160339	563.68	0	2518
BdenJEL423_SC36	8411	1041591	123.84	2	391
BdenJEL423_SC36_region	8411	1041591	123.84	2	391
BdenJEL423_SC37	8246	670983	81.37	0	254
BdenJEL423_SC37_region	8246	670983	81.37	0	254
BdenJEL423_SC38	7919	1268857	160.23	0	296
BdenJEL423_SC38_region	7919	1268857	160.23	0	296
BdenJEL423_SC39	7486	1962128	262.11	0	910
BdenJEL423_SC39_region	7486	1962128	262.11	0	910
BdenJEL423_SC40	7373	1318797	178.87	1	471
BdenJEL423_SC40_region	7373	1318797	178.87	1	471
BdenJEL423_SC41	7250	5000919	689.78	0	2114
BdenJEL423_SC41_region	7250	5000919	689.78	0	2114
BdenJEL423_SC42	7213	952037	131.99	0	380
BdenJEL423_SC42_region	7213	952037	131.99	0	380
BdenJEL423_SC43	7203	648955	90.10	0	232
BdenJEL423_SC43_region	7203	648955	90.10	0	232
BdenJEL423_SC44	7151	498318	69.69	0	218
BdenJEL423_SC44_region	7151	498318	69.69	0	218
BdenJEL423_SC45	7120	872506	122.54	0	224
BdenJEL423_SC45_region	7120	872506	122.54	0	224
BdenJEL423_SC46	7014	817280	116.52	0	327
BdenJEL423_SC46_region	7014	817280	116.52	0	327
BdenJEL423_SC47	6856	3904569	569.51	2	1771
BdenJEL423_SC47_region	6856	3904569	569.51	2	1771
BdenJEL423_SC48	6834	1109487	162.35	0	368
BdenJEL423_SC48_region	6834	1109487	162.35	0	368
BdenJEL423_SC49	6519	5302794	813.44	0	2216
BdenJEL423_SC49_region	6519	5302794	813.44	0	2216
BdenJEL423_SC50	6174	800663	129.68	0	225
BdenJEL423_SC50_region	6174	800663	129.68	0	225
BdenJEL423_SC51	6095	6507282	1067.64	0	5472
BdenJEL423_SC51_region	6095	6507282	1067.64	0	5472
BdenJEL423_SC52	6071	647478	106.65	7	207
BdenJEL423_SC52_region	6071	647478	106.65	7	207
BdenJEL423_SC53	6016	8212542	1365.12	0	3302
BdenJEL423_SC53_region	6016	8212542	1365.12	0	3302
BdenJEL423_SC54	5992	6745601	1125.77	0	3108
BdenJEL423_SC54_region	5992	6745601	1125.77	0	3108
BdenJEL423_SC55	5977	380749	63.70	0	166
BdenJEL423_SC55_region	5977	380749	63.70	0	166
BdenJEL423_SC56	5808	1034979	178.20	0	413
BdenJEL423_SC56_region	5808	1034979	178.20	0	413
BdenJEL423_SC57	5752	3874690	673.62	0	2382
BdenJEL423_SC57_region	5752	3874690	673.62	0	2382
BdenJEL423_SC58	8484	10121354	1192.99	0	7295
BdenJEL423_SC58_region	8484	10121354	1192.99	0	7295
BdenJEL423_SC59	5694	1086525	190.82	1	539
BdenJEL423_SC59_region	5694	1086525	190.82	1	539
BdenJEL423_SC60	5543	208063	37.54	0	183
BdenJEL423_SC60_region	5543	208063	37.54	0	183
BdenJEL423_SC61	5512	292021	52.98	0	193
BdenJEL423_SC61_region	5512	292021	52.98	0	193
BdenJEL423_SC62	5380	750004	139.41	0	398
BdenJEL423_SC62_region	5380	750004	139.41	0	398
BdenJEL423_SC63	5288	454308	85.91	0	261
BdenJEL423_SC63_region	5288	454308	85.91	0	261
BdenJEL423_SC64	5189	723111	139.35	0	288
BdenJEL423_SC64_region	5189	723111	139.35	0	288
BdenJEL423_SC65	5077	6396825	1259.96	18	3106
BdenJEL423_SC65_region	5077	6396825	1259.96	18	3106
BdenJEL423_SC66	4922	627663	127.52	0	383
BdenJEL423_SC66_region	4922	627663	127.52	0	383
BdenJEL423_SC67	4755	94027	19.77	0	94
BdenJEL423_SC67_region	4755	94027	19.77	0	94
BdenJEL423_SC68	4529	10985226	2425.53	24	4458
BdenJEL423_SC68_region	4529	10985226	2425.53	24	4458
BdenJEL423_SC69	2608	5905554	2264.40	0	8363
BdenJEL423_SC69_region	2608	5905554	2264.40	0	8363
BdenJEL423_mito	175284	219650750	1253.11	0	2826
BdenJEL423_mito_region	175284	219650750	1253.11	0	2826
total	23897668	4324776724	180.97	0	8363
total_region	23897668	4324776724	180.97	0	8363
