chrom	length	bases	mean	min	max
BdenJEL423_SC01	4440149	294733573	66.38	0	3229
BdenJEL423_SC01_region	4440149	294733573	66.38	0	3229
BdenJEL423_SC02	2313122	213195945	92.17	0	3414
BdenJEL423_SC02_region	2313122	213195945	92.17	0	3414
BdenJEL423_SC03	1829408	159065934	86.95	0	2284
BdenJEL423_SC03_region	1829408	159065934	86.95	0	2284
BdenJEL423_SC04	1803316	143140076	79.38	0	605
BdenJEL423_SC04_region	1803316	143140076	79.38	0	605
BdenJEL423_SC05	1707251	199143348	116.65	0	2309
BdenJEL423_SC05_region	1707251	199143348	116.65	0	2309
BdenJEL423_SC06	1545501	124313476	80.44	0	2193
BdenJEL423_SC06_region	1545501	124313476	80.44	0	2193
BdenJEL423_SC07	1398854	112595390	80.49	0	1399
BdenJEL423_SC07_region	1398854	112595390	80.49	0	1399
BdenJEL423_SC08	1069847	85816822	80.21	0	2873
BdenJEL423_SC08_region	1069847	85816822	80.21	0	2873
BdenJEL423_SC09	1057463	67333884	63.67	0	483
BdenJEL423_SC09_region	1057463	67333884	63.67	0	483
BdenJEL423_SC10	1012305	74077465	73.18	0	874
BdenJEL423_SC10_region	1012305	74077465	73.18	0	874
BdenJEL423_SC11	979369	77595318	79.23	0	682
BdenJEL423_SC11_region	979369	77595318	79.23	0	682
BdenJEL423_SC12	937107	61919710	66.08	0	950
BdenJEL423_SC12_region	937107	61919710	66.08	0	950
BdenJEL423_SC13	898261	92547312	103.03	0	7623
BdenJEL423_SC13_region	898261	92547312	103.03	0	7623
BdenJEL423_SC14	857155	98919350	115.40	0	4959
BdenJEL423_SC14_region	857155	98919350	115.40	0	4959
BdenJEL423_SC15	557602	46223027	82.90	0	843
BdenJEL423_SC15_region	557602	46223027	82.90	0	843
BdenJEL423_SC16	498254	31352358	62.92	0	530
BdenJEL423_SC16_region	498254	31352358	62.92	0	530
BdenJEL423_SC17	243426	17632492	72.43	0	349
BdenJEL423_SC17_region	243426	17632492	72.43	0	349
BdenJEL423_SC18	48566	4777415	98.37	0	1169
BdenJEL423_SC18_region	48566	4777415	98.37	0	1169
BdenJEL423_SC19	69118	3247001	46.98	0	368
BdenJEL423_SC19_region	69118	3247001	46.98	0	368
BdenJEL423_SC20	45066	4640037	102.96	0	563
BdenJEL423_SC20_region	45066	4640037	102.96	0	563
BdenJEL423_SC21	28371	2478604	87.36	0	201
BdenJEL423_SC21_region	28371	2478604	87.36	0	201
BdenJEL423_SC22	17531	915830	52.24	0	285
BdenJEL423_SC22_region	17531	915830	52.24	0	285
BdenJEL423_SC23	15724	2680036	170.44	0	707
BdenJEL423_SC23_region	15724	2680036	170.44	0	707
BdenJEL423_SC24	15635	1095943	70.10	0	432
BdenJEL423_SC24_region	15635	1095943	70.10	0	432
BdenJEL423_SC25	13302	1321377	99.34	0	495
BdenJEL423_SC25_region	13302	1321377	99.34	0	495
BdenJEL423_SC26	12287	1283601	104.47	0	332
BdenJEL423_SC26_region	12287	1283601	104.47	0	332
BdenJEL423_SC27	11745	1863302	158.65	0	986
BdenJEL423_SC27_region	11745	1863302	158.65	0	986
BdenJEL423_SC28	11715	593596	50.67	0	190
BdenJEL423_SC28_region	11715	593596	50.67	0	190
BdenJEL423_SC29	10519	606559	57.66	0	338
BdenJEL423_SC29_region	10519	606559	57.66	0	338
BdenJEL423_SC30	9825	819658	83.43	0	545
BdenJEL423_SC30_region	9825	819658	83.43	0	545
BdenJEL423_SC31	9499	467641	49.23	0	195
BdenJEL423_SC31_region	9499	467641	49.23	0	195
BdenJEL423_SC32	9394	1470658	156.55	0	826
BdenJEL423_SC32_region	9394	1470658	156.55	0	826
BdenJEL423_SC33	8891	817918	91.99	0	195
BdenJEL423_SC33_region	8891	817918	91.99	0	195
BdenJEL423_SC34	8868	565140	63.73	0	310
BdenJEL423_SC34_region	8868	565140	63.73	0	310
BdenJEL423_SC35	14477	2406978	166.26	0	1912
BdenJEL423_SC35_region	14477	2406978	166.26	0	1912
BdenJEL423_SC36	8411	499684	59.41	0	264
BdenJEL423_SC36_region	8411	499684	59.41	0	264
BdenJEL423_SC37	8246	544778	66.07	0	466
BdenJEL423_SC37_region	8246	544778	66.07	0	466
BdenJEL423_SC38	7919	485654	61.33	0	394
BdenJEL423_SC38_region	7919	485654	61.33	0	394
BdenJEL423_SC39	7486	1223506	163.44	0	1750
BdenJEL423_SC39_region	7486	1223506	163.44	0	1750
BdenJEL423_SC40	7373	273003	37.03	0	113
BdenJEL423_SC40_region	7373	273003	37.03	0	113
BdenJEL423_SC41	7250	4833176	666.64	0	1653
BdenJEL423_SC41_region	7250	4833176	666.64	0	1653
BdenJEL423_SC42	7213	393579	54.57	0	152
BdenJEL423_SC42_region	7213	393579	54.57	0	152
BdenJEL423_SC43	7203	264299	36.69	0	182
BdenJEL423_SC43_region	7203	264299	36.69	0	182
BdenJEL423_SC44	7151	681136	95.25	0	321
BdenJEL423_SC44_region	7151	681136	95.25	0	321
BdenJEL423_SC45	7120	555805	78.06	0	256
BdenJEL423_SC45_region	7120	555805	78.06	0	256
BdenJEL423_SC46	7014	323617	46.14	0	250
BdenJEL423_SC46_region	7014	323617	46.14	0	250
BdenJEL423_SC47	6856	1753414	255.75	1	1017
BdenJEL423_SC47_region	6856	1753414	255.75	1	1017
BdenJEL423_SC48	6834	811390	118.73	0	325
BdenJEL423_SC48_region	6834	811390	118.73	0	325
BdenJEL423_SC49	6519	2164479	332.03	0	1621
BdenJEL423_SC49_region	6519	2164479	332.03	0	1621
BdenJEL423_SC50	6174	312596	50.63	0	226
BdenJEL423_SC50_region	6174	312596	50.63	0	226
BdenJEL423_SC51	6095	1567254	257.14	0	1113
BdenJEL423_SC51_region	6095	1567254	257.14	0	1113
BdenJEL423_SC52	6071	384593	63.35	0	191
BdenJEL423_SC52_region	6071	384593	63.35	0	191
BdenJEL423_SC53	6016	823273	136.85	0	728
BdenJEL423_SC53_region	6016	823273	136.85	0	728
BdenJEL423_SC54	5992	2920057	487.33	0	2733
BdenJEL423_SC54_region	5992	2920057	487.33	0	2733
BdenJEL423_SC55	5977	304351	50.92	0	220
BdenJEL423_SC55_region	5977	304351	50.92	0	220
BdenJEL423_SC56	5808	392980	67.66	0	456
BdenJEL423_SC56_region	5808	392980	67.66	0	456
BdenJEL423_SC57	5752	1538017	267.39	0	1316
BdenJEL423_SC57_region	5752	1538017	267.39	0	1316
BdenJEL423_SC58	8484	4564392	538.00	0	2966
BdenJEL423_SC58_region	8484	4564392	538.00	0	2966
BdenJEL423_SC59	5694	727242	127.72	2	332
BdenJEL423_SC59_region	5694	727242	127.72	2	332
BdenJEL423_SC60	5543	288468	52.04	2	116
BdenJEL423_SC60_region	5543	288468	52.04	2	116
BdenJEL423_SC61	5512	349529	63.41	0	295
BdenJEL423_SC61_region	5512	349529	63.41	0	295
BdenJEL423_SC62	5380	272971	50.74	0	485
BdenJEL423_SC62_region	5380	272971	50.74	0	485
BdenJEL423_SC63	5288	183492	34.70	0	190
BdenJEL423_SC63_region	5288	183492	34.70	0	190
BdenJEL423_SC64	5189	348947	67.25	0	167
BdenJEL423_SC64_region	5189	348947	67.25	0	167
BdenJEL423_SC65	5077	3178184	626.00	0	2265
BdenJEL423_SC65_region	5077	3178184	626.00	0	2265
BdenJEL423_SC66	4922	260900	53.01	0	213
BdenJEL423_SC66_region	4922	260900	53.01	0	213
BdenJEL423_SC67	4755	278721	58.62	0	177
BdenJEL423_SC67_region	4755	278721	58.62	0	177
BdenJEL423_SC68	4529	916471	202.36	0	1041
BdenJEL423_SC68_region	4529	916471	202.36	0	1041
BdenJEL423_SC69	2608	268109	102.80	0	412
BdenJEL423_SC69_region	2608	268109	102.80	0	412
BdenJEL423_mito	175284	121760427	694.65	0	2399
BdenJEL423_mito_region	175284	121760427	694.65	0	2399
total	23897668	2088105268	87.38	0	7623
total_region	23897668	2088105268	87.38	0	7623
