chrom	length	bases	mean	min	max
BdenJEL423_SC01	4440149	222995819	50.22	0	1147
BdenJEL423_SC01_region	4440149	222995819	50.22	0	1147
BdenJEL423_SC02	2313122	120118602	51.93	0	4472
BdenJEL423_SC02_region	2313122	120118602	51.93	0	4472
BdenJEL423_SC03	1829408	92850060	50.75	0	2158
BdenJEL423_SC03_region	1829408	92850060	50.75	0	2158
BdenJEL423_SC04	1803316	82869561	45.95	0	357
BdenJEL423_SC04_region	1803316	82869561	45.95	0	357
BdenJEL423_SC05	1707251	86751436	50.81	0	4442
BdenJEL423_SC05_region	1707251	86751436	50.81	0	4442
BdenJEL423_SC06	1545501	58762290	38.02	0	5056
BdenJEL423_SC06_region	1545501	58762290	38.02	0	5056
BdenJEL423_SC07	1398854	51806174	37.03	0	3763
BdenJEL423_SC07_region	1398854	51806174	37.03	0	3763
BdenJEL423_SC08	1069847	53445905	49.96	0	3947
BdenJEL423_SC08_region	1069847	53445905	49.96	0	3947
BdenJEL423_SC09	1057463	34743585	32.86	0	457
BdenJEL423_SC09_region	1057463	34743585	32.86	0	457
BdenJEL423_SC10	1012305	52951271	52.31	0	4304
BdenJEL423_SC10_region	1012305	52951271	52.31	0	4304
BdenJEL423_SC11	979369	33810007	34.52	0	374
BdenJEL423_SC11_region	979369	33810007	34.52	0	374
BdenJEL423_SC12	937107	41246512	44.01	0	609
BdenJEL423_SC12_region	937107	41246512	44.01	0	609
BdenJEL423_SC13	898261	42845652	47.70	0	2991
BdenJEL423_SC13_region	898261	42845652	47.70	0	2991
BdenJEL423_SC14	857155	115253477	134.46	0	7267
BdenJEL423_SC14_region	857155	115253477	134.46	0	7267
BdenJEL423_SC15	557602	28552824	51.21	0	2896
BdenJEL423_SC15_region	557602	28552824	51.21	0	2896
BdenJEL423_SC16	498254	18350743	36.83	0	1421
BdenJEL423_SC16_region	498254	18350743	36.83	0	1421
BdenJEL423_SC17	243426	10635680	43.69	0	504
BdenJEL423_SC17_region	243426	10635680	43.69	0	504
BdenJEL423_SC18	48566	4582044	94.35	0	3055
BdenJEL423_SC18_region	48566	4582044	94.35	0	3055
BdenJEL423_SC19	69118	2001239	28.95	0	712
BdenJEL423_SC19_region	69118	2001239	28.95	0	712
BdenJEL423_SC20	45066	2514094	55.79	0	419
BdenJEL423_SC20_region	45066	2514094	55.79	0	419
BdenJEL423_SC21	28371	892875	31.47	0	110
BdenJEL423_SC21_region	28371	892875	31.47	0	110
BdenJEL423_SC22	17531	604725	34.49	0	318
BdenJEL423_SC22_region	17531	604725	34.49	0	318
BdenJEL423_SC23	15724	2642035	168.03	0	1352
BdenJEL423_SC23_region	15724	2642035	168.03	0	1352
BdenJEL423_SC24	15635	537796	34.40	0	149
BdenJEL423_SC24_region	15635	537796	34.40	0	149
BdenJEL423_SC25	13302	716352	53.85	0	426
BdenJEL423_SC25_region	13302	716352	53.85	0	426
BdenJEL423_SC26	12287	676831	55.09	0	265
BdenJEL423_SC26_region	12287	676831	55.09	0	265
BdenJEL423_SC27	11745	2549433	217.07	0	2472
BdenJEL423_SC27_region	11745	2549433	217.07	0	2472
BdenJEL423_SC28	11715	597483	51.00	0	267
BdenJEL423_SC28_region	11715	597483	51.00	0	267
BdenJEL423_SC29	10519	365294	34.73	0	206
BdenJEL423_SC29_region	10519	365294	34.73	0	206
BdenJEL423_SC30	9825	456941	46.51	0	382
BdenJEL423_SC30_region	9825	456941	46.51	0	382
BdenJEL423_SC31	9499	282565	29.75	0	169
BdenJEL423_SC31_region	9499	282565	29.75	0	169
BdenJEL423_SC32	9394	1542299	164.18	0	1423
BdenJEL423_SC32_region	9394	1542299	164.18	0	1423
BdenJEL423_SC33	8891	344695	38.77	0	138
BdenJEL423_SC33_region	8891	344695	38.77	0	138
BdenJEL423_SC34	8868	333425	37.60	0	176
BdenJEL423_SC34_region	8868	333425	37.60	0	176
BdenJEL423_SC35	14477	6366930	439.80	0	3937
BdenJEL423_SC35_region	14477	6366930	439.80	0	3937
BdenJEL423_SC36	8411	303706	36.11	0	261
BdenJEL423_SC36_region	8411	303706	36.11	0	261
BdenJEL423_SC37	8246	291214	35.32	0	305
BdenJEL423_SC37_region	8246	291214	35.32	0	305
BdenJEL423_SC38	7919	375248	47.39	0	336
BdenJEL423_SC38_region	7919	375248	47.39	0	336
BdenJEL423_SC39	7486	1673601	223.56	0	3513
BdenJEL423_SC39_region	7486	1673601	223.56	0	3513
BdenJEL423_SC40	7373	171495	23.26	0	71
BdenJEL423_SC40_region	7373	171495	23.26	0	71
BdenJEL423_SC41	7250	2779086	383.32	0	1316
BdenJEL423_SC41_region	7250	2779086	383.32	0	1316
BdenJEL423_SC42	7213	230637	31.98	0	180
BdenJEL423_SC42_region	7213	230637	31.98	0	180
BdenJEL423_SC43	7203	182321	25.31	0	101
BdenJEL423_SC43_region	7203	182321	25.31	0	101
BdenJEL423_SC44	7151	387373	54.17	0	265
BdenJEL423_SC44_region	7151	387373	54.17	0	265
BdenJEL423_SC45	7120	262376	36.85	0	145
BdenJEL423_SC45_region	7120	262376	36.85	0	145
BdenJEL423_SC46	7014	141015	20.10	0	102
BdenJEL423_SC46_region	7014	141015	20.10	0	102
BdenJEL423_SC47	6856	2878265	419.82	0	4289
BdenJEL423_SC47_region	6856	2878265	419.82	0	4289
BdenJEL423_SC48	6834	338970	49.60	0	273
BdenJEL423_SC48_region	6834	338970	49.60	0	273
BdenJEL423_SC49	6519	4414985	677.25	0	4349
BdenJEL423_SC49_region	6519	4414985	677.25	0	4349
BdenJEL423_SC50	6174	203473	32.96	0	142
BdenJEL423_SC50_region	6174	203473	32.96	0	142
BdenJEL423_SC51	6095	3481195	571.16	0	3697
BdenJEL423_SC51_region	6095	3481195	571.16	0	3697
BdenJEL423_SC52	6071	274026	45.14	0	285
BdenJEL423_SC52_region	6071	274026	45.14	0	285
BdenJEL423_SC53	6016	2145332	356.60	0	2498
BdenJEL423_SC53_region	6016	2145332	356.60	0	2498
BdenJEL423_SC54	5992	3661266	611.03	0	3282
BdenJEL423_SC54_region	5992	3661266	611.03	0	3282
BdenJEL423_SC55	5977	139153	23.28	0	100
BdenJEL423_SC55_region	5977	139153	23.28	0	100
BdenJEL423_SC56	5808	245287	42.23	0	321
BdenJEL423_SC56_region	5808	245287	42.23	0	321
BdenJEL423_SC57	5752	2357964	409.94	0	3798
BdenJEL423_SC57_region	5752	2357964	409.94	0	3798
BdenJEL423_SC58	8484	2994461	352.95	0	2205
BdenJEL423_SC58_region	8484	2994461	352.95	0	2205
BdenJEL423_SC59	5694	347822	61.09	0	192
BdenJEL423_SC59_region	5694	347822	61.09	0	192
BdenJEL423_SC60	5543	131259	23.68	0	162
BdenJEL423_SC60_region	5543	131259	23.68	0	162
BdenJEL423_SC61	5512	218656	39.67	0	256
BdenJEL423_SC61_region	5512	218656	39.67	0	256
BdenJEL423_SC62	5380	136056	25.29	0	222
BdenJEL423_SC62_region	5380	136056	25.29	0	222
BdenJEL423_SC63	5288	130164	24.61	0	155
BdenJEL423_SC63_region	5288	130164	24.61	0	155
BdenJEL423_SC64	5189	265777	51.22	0	214
BdenJEL423_SC64_region	5189	265777	51.22	0	214
BdenJEL423_SC65	5077	2418318	476.33	0	2060
BdenJEL423_SC65_region	5077	2418318	476.33	0	2060
BdenJEL423_SC66	4922	178944	36.36	0	410
BdenJEL423_SC66_region	4922	178944	36.36	0	410
BdenJEL423_SC67	4755	93381	19.64	0	73
BdenJEL423_SC67_region	4755	93381	19.64	0	73
BdenJEL423_SC68	4529	1982896	437.82	4	2645
BdenJEL423_SC68_region	4529	1982896	437.82	4	2645
BdenJEL423_SC69	2608	871840	334.29	0	2048
BdenJEL423_SC69_region	2608	871840	334.29	0	2048
BdenJEL423_mito	175284	95679410	545.85	0	2652
BdenJEL423_mito_region	175284	95679410	545.85	0	2652
total	23897668	1308383626	54.75	0	7267
total_region	23897668	1308383626	54.75	0	7267
