chrom	length	bases	mean	min	max
BdenJEL423_SC01	4440149	221200449	49.82	0	99
BdenJEL423_SC01_region	4440149	221200449	49.82	0	99
BdenJEL423_SC02	2313122	121046631	52.33	0	114
BdenJEL423_SC02_region	2313122	121046631	52.33	0	114
BdenJEL423_SC03	1829408	104254632	56.99	0	101
BdenJEL423_SC03_region	1829408	104254632	56.99	0	101
BdenJEL423_SC04	1803316	86347468	47.88	0	99
BdenJEL423_SC04_region	1803316	86347468	47.88	0	99
BdenJEL423_SC05	1707251	88268969	51.70	0	100
BdenJEL423_SC05_region	1707251	88268969	51.70	0	100
BdenJEL423_SC06	1545501	84072480	54.40	0	101
BdenJEL423_SC06_region	1545501	84072480	54.40	0	101
BdenJEL423_SC07	1398854	71154364	50.87	0	100
BdenJEL423_SC07_region	1398854	71154364	50.87	0	100
BdenJEL423_SC08	1069847	56424712	52.74	0	101
BdenJEL423_SC08_region	1069847	56424712	52.74	0	101
BdenJEL423_SC09	1057463	47914626	45.31	0	96
BdenJEL423_SC09_region	1057463	47914626	45.31	0	96
BdenJEL423_SC10	1012305	53664098	53.01	0	100
BdenJEL423_SC10_region	1012305	53664098	53.01	0	100
BdenJEL423_SC11	979369	50858666	51.93	0	101
BdenJEL423_SC11_region	979369	50858666	51.93	0	101
BdenJEL423_SC12	937107	44297855	47.27	0	98
BdenJEL423_SC12_region	937107	44297855	47.27	0	98
BdenJEL423_SC13	898261	49917386	55.57	0	111
BdenJEL423_SC13_region	898261	49917386	55.57	0	111
BdenJEL423_SC14	857155	48261097	56.30	0	117
BdenJEL423_SC14_region	857155	48261097	56.30	0	117
BdenJEL423_SC15	557602	31476674	56.45	0	100
BdenJEL423_SC15_region	557602	31476674	56.45	0	100
BdenJEL423_SC16	498254	24564696	49.30	0	100
BdenJEL423_SC16_region	498254	24564696	49.30	0	100
BdenJEL423_SC17	243426	13476970	55.36	0	92
BdenJEL423_SC17_region	243426	13476970	55.36	0	92
BdenJEL423_SC18	48566	2752287	56.67	0	101
BdenJEL423_SC18_region	48566	2752287	56.67	0	101
BdenJEL423_SC19	69118	2625184	37.98	0	91
BdenJEL423_SC19_region	69118	2625184	37.98	0	91
BdenJEL423_SC20	45066	2512463	55.75	0	98
BdenJEL423_SC20_region	45066	2512463	55.75	0	98
BdenJEL423_SC21	28371	1584227	55.84	0	83
BdenJEL423_SC21_region	28371	1584227	55.84	0	83
BdenJEL423_SC22	17531	912213	52.03	0	94
BdenJEL423_SC22_region	17531	912213	52.03	0	94
BdenJEL423_SC23	15724	1109025	70.53	0	101
BdenJEL423_SC23_region	15724	1109025	70.53	0	101
BdenJEL423_SC24	15635	883444	56.50	0	87
BdenJEL423_SC24_region	15635	883444	56.50	0	87
BdenJEL423_SC25	13302	842002	63.30	0	93
BdenJEL423_SC25_region	13302	842002	63.30	0	93
BdenJEL423_SC26	12287	730548	59.46	0	96
BdenJEL423_SC26_region	12287	730548	59.46	0	96
BdenJEL423_SC27	11745	755266	64.31	0	101
BdenJEL423_SC27_region	11745	755266	64.31	0	101
BdenJEL423_SC28	11715	646111	55.15	0	90
BdenJEL423_SC28_region	11715	646111	55.15	0	90
BdenJEL423_SC29	10519	495797	47.13	0	86
BdenJEL423_SC29_region	10519	495797	47.13	0	86
BdenJEL423_SC30	9825	444896	45.28	0	86
BdenJEL423_SC30_region	9825	444896	45.28	0	86
BdenJEL423_SC31	9499	516750	54.40	0	89
BdenJEL423_SC31_region	9499	516750	54.40	0	89
BdenJEL423_SC32	9394	637546	67.87	0	100
BdenJEL423_SC32_region	9394	637546	67.87	0	100
BdenJEL423_SC33	8891	377743	42.49	0	80
BdenJEL423_SC33_region	8891	377743	42.49	0	80
BdenJEL423_SC34	8868	485404	54.74	0	86
BdenJEL423_SC34_region	8868	485404	54.74	0	86
BdenJEL423_SC35	14477	675586	46.67	0	102
BdenJEL423_SC35_region	14477	675586	46.67	0	102
BdenJEL423_SC36	8411	481192	57.21	0	92
BdenJEL423_SC36_region	8411	481192	57.21	0	92
BdenJEL423_SC37	8246	418113	50.70	0	92
BdenJEL423_SC37_region	8246	418113	50.70	0	92
BdenJEL423_SC38	7919	403507	50.95	1	85
BdenJEL423_SC38_region	7919	403507	50.95	1	85
BdenJEL423_SC39	7486	500120	66.81	0	100
BdenJEL423_SC39_region	7486	500120	66.81	0	100
BdenJEL423_SC40	7373	221777	30.08	1	62
BdenJEL423_SC40_region	7373	221777	30.08	1	62
BdenJEL423_SC41	7250	434207	59.89	0	100
BdenJEL423_SC41_region	7250	434207	59.89	0	100
BdenJEL423_SC42	7213	428898	59.46	0	86
BdenJEL423_SC42_region	7213	428898	59.46	0	86
BdenJEL423_SC43	7203	387619	53.81	0	87
BdenJEL423_SC43_region	7203	387619	53.81	0	87
BdenJEL423_SC44	7151	368522	51.53	0	91
BdenJEL423_SC44_region	7151	368522	51.53	0	91
BdenJEL423_SC45	7120	388637	54.58	0	88
BdenJEL423_SC45_region	7120	388637	54.58	0	88
BdenJEL423_SC46	7014	336009	47.91	0	82
BdenJEL423_SC46_region	7014	336009	47.91	0	82
BdenJEL423_SC47	6856	490432	71.53	0	100
BdenJEL423_SC47_region	6856	490432	71.53	0	100
BdenJEL423_SC48	6834	410501	60.07	0	91
BdenJEL423_SC48_region	6834	410501	60.07	0	91
BdenJEL423_SC49	6519	559229	85.78	0	100
BdenJEL423_SC49_region	6519	559229	85.78	0	100
BdenJEL423_SC50	6174	330963	53.61	0	81
BdenJEL423_SC50_region	6174	330963	53.61	0	81
BdenJEL423_SC51	6095	482858	79.22	0	100
BdenJEL423_SC51_region	6095	482858	79.22	0	100
BdenJEL423_SC52	6071	307570	50.66	2	84
BdenJEL423_SC52_region	6071	307570	50.66	2	84
BdenJEL423_SC53	6016	486861	80.93	0	100
BdenJEL423_SC53_region	6016	486861	80.93	0	100
BdenJEL423_SC54	5992	540192	90.15	0	100
BdenJEL423_SC54_region	5992	540192	90.15	0	100
BdenJEL423_SC55	5977	274691	45.96	0	81
BdenJEL423_SC55_region	5977	274691	45.96	0	81
BdenJEL423_SC56	5808	334023	57.51	0	92
BdenJEL423_SC56_region	5808	334023	57.51	0	92
BdenJEL423_SC57	5752	449719	78.18	0	100
BdenJEL423_SC57_region	5752	449719	78.18	0	100
BdenJEL423_SC58	8484	483907	57.04	0	114
BdenJEL423_SC58_region	8484	483907	57.04	0	114
BdenJEL423_SC59	5694	360804	63.37	0	93
BdenJEL423_SC59_region	5694	360804	63.37	0	93
BdenJEL423_SC60	5543	191982	34.64	0	78
BdenJEL423_SC60_region	5543	191982	34.64	0	78
BdenJEL423_SC61	5512	253551	46.00	0	85
BdenJEL423_SC61_region	5512	253551	46.00	0	85
BdenJEL423_SC62	5380	200393	37.25	0	78
BdenJEL423_SC62_region	5380	200393	37.25	0	78
BdenJEL423_SC63	5288	252839	47.81	0	81
BdenJEL423_SC63_region	5288	252839	47.81	0	81
BdenJEL423_SC64	5189	297993	57.43	0	94
BdenJEL423_SC64_region	5189	297993	57.43	0	94
BdenJEL423_SC65	5077	447755	88.19	0	103
BdenJEL423_SC65_region	5077	447755	88.19	0	103
BdenJEL423_SC66	4922	225978	45.91	0	87
BdenJEL423_SC66_region	4922	225978	45.91	0	87
BdenJEL423_SC67	4755	208623	43.87	0	84
BdenJEL423_SC67_region	4755	208623	43.87	0	84
BdenJEL423_SC68	4529	437478	96.59	2	100
BdenJEL423_SC68_region	4529	437478	96.59	2	100
BdenJEL423_SC69	2608	154730	59.33	0	100
BdenJEL423_SC69_region	2608	154730	59.33	0	100
BdenJEL423_mito	175284	16345858	93.25	0	101
BdenJEL423_mito_region	175284	16345858	93.25	0	101
total	23897668	1245085796	52.10	0	117
total_region	23897668	1245085796	52.10	0	117
