chrom	length	bases	mean	min	max
BdenJEL423_SC01	4440149	393521365	88.63	0	1492
BdenJEL423_SC01_region	4440149	393521365	88.63	0	1492
BdenJEL423_SC02	2313122	271483537	117.37	0	3332
BdenJEL423_SC02_region	2313122	271483537	117.37	0	3332
BdenJEL423_SC03	1829408	211656312	115.70	0	1860
BdenJEL423_SC03_region	1829408	211656312	115.70	0	1860
BdenJEL423_SC04	1803316	168272553	93.31	0	1226
BdenJEL423_SC04_region	1803316	168272553	93.31	0	1226
BdenJEL423_SC05	1707251	159478127	93.41	0	1818
BdenJEL423_SC05_region	1707251	159478127	93.41	0	1818
BdenJEL423_SC06	1545501	149093994	96.47	0	2933
BdenJEL423_SC06_region	1545501	149093994	96.47	0	2933
BdenJEL423_SC07	1398854	132490088	94.71	0	2729
BdenJEL423_SC07_region	1398854	132490088	94.71	0	2729
BdenJEL423_SC08	1069847	121528307	113.59	0	2757
BdenJEL423_SC08_region	1069847	121528307	113.59	0	2757
BdenJEL423_SC09	1057463	95807399	90.60	0	452
BdenJEL423_SC09_region	1057463	95807399	90.60	0	452
BdenJEL423_SC10	1012305	93024695	91.89	0	1088
BdenJEL423_SC10_region	1012305	93024695	91.89	0	1088
BdenJEL423_SC11	979369	104108541	106.30	0	913
BdenJEL423_SC11_region	979369	104108541	106.30	0	913
BdenJEL423_SC12	937107	86281129	92.07	0	486
BdenJEL423_SC12_region	937107	86281129	92.07	0	486
BdenJEL423_SC13	898261	90226715	100.45	0	2539
BdenJEL423_SC13_region	898261	90226715	100.45	0	2539
BdenJEL423_SC14	857155	184383722	215.11	0	6032
BdenJEL423_SC14_region	857155	184383722	215.11	0	6032
BdenJEL423_SC15	557602	51955138	93.18	0	1288
BdenJEL423_SC15_region	557602	51955138	93.18	0	1288
BdenJEL423_SC16	498254	45458801	91.24	0	669
BdenJEL423_SC16_region	498254	45458801	91.24	0	669
BdenJEL423_SC17	243426	22744319	93.43	0	283
BdenJEL423_SC17_region	243426	22744319	93.43	0	283
BdenJEL423_SC18	48566	6418899	132.17	0	1178
BdenJEL423_SC18_region	48566	6418899	132.17	0	1178
BdenJEL423_SC19	69118	4586171	66.35	0	266
BdenJEL423_SC19_region	69118	4586171	66.35	0	266
BdenJEL423_SC20	45066	5183634	115.02	0	495
BdenJEL423_SC20_region	45066	5183634	115.02	0	495
BdenJEL423_SC21	28371	2515077	88.65	2	160
BdenJEL423_SC21_region	28371	2515077	88.65	2	160
BdenJEL423_SC22	17531	1276377	72.81	1	215
BdenJEL423_SC22_region	17531	1276377	72.81	1	215
BdenJEL423_SC23	15724	3909659	248.64	0	1595
BdenJEL423_SC23_region	15724	3909659	248.64	0	1595
BdenJEL423_SC24	15635	1434878	91.77	0	248
BdenJEL423_SC24_region	15635	1434878	91.77	0	248
BdenJEL423_SC25	13302	1217940	91.56	0	361
BdenJEL423_SC25_region	13302	1217940	91.56	0	361
BdenJEL423_SC26	12287	1099807	89.51	0	241
BdenJEL423_SC26_region	12287	1099807	89.51	0	241
BdenJEL423_SC27	11745	2494058	212.35	0	1082
BdenJEL423_SC27_region	11745	2494058	212.35	0	1082
BdenJEL423_SC28	11715	1142971	97.56	0	236
BdenJEL423_SC28_region	11715	1142971	97.56	0	236
BdenJEL423_SC29	10519	668507	63.55	0	194
BdenJEL423_SC29_region	10519	668507	63.55	0	194
BdenJEL423_SC30	9825	717493	73.03	0	184
BdenJEL423_SC30_region	9825	717493	73.03	0	184
BdenJEL423_SC31	9499	808426	85.11	0	262
BdenJEL423_SC31_region	9499	808426	85.11	0	262
BdenJEL423_SC32	9394	1865270	198.56	0	1239
BdenJEL423_SC32_region	9394	1865270	198.56	0	1239
BdenJEL423_SC33	8891	662847	74.55	0	144
BdenJEL423_SC33_region	8891	662847	74.55	0	144
BdenJEL423_SC34	8868	673551	75.95	0	177
BdenJEL423_SC34_region	8868	673551	75.95	0	177
BdenJEL423_SC35	14477	4028753	278.29	0	2461
BdenJEL423_SC35_region	14477	4028753	278.29	0	2461
BdenJEL423_SC36	8411	820001	97.49	0	296
BdenJEL423_SC36_region	8411	820001	97.49	0	296
BdenJEL423_SC37	8246	536599	65.07	0	175
BdenJEL423_SC37_region	8246	536599	65.07	0	175
BdenJEL423_SC38	7919	671905	84.85	0	186
BdenJEL423_SC38_region	7919	671905	84.85	0	186
BdenJEL423_SC39	7486	1193447	159.42	0	1173
BdenJEL423_SC39_region	7486	1193447	159.42	0	1173
BdenJEL423_SC40	7373	439585	59.62	1	124
BdenJEL423_SC40_region	7373	439585	59.62	1	124
BdenJEL423_SC41	7250	2294447	316.48	5	596
BdenJEL423_SC41_region	7250	2294447	316.48	5	596
BdenJEL423_SC42	7213	605593	83.96	0	268
BdenJEL423_SC42_region	7213	605593	83.96	0	268
BdenJEL423_SC43	7203	551469	76.56	0	186
BdenJEL423_SC43_region	7203	551469	76.56	0	186
BdenJEL423_SC44	7151	451563	63.15	0	144
BdenJEL423_SC44_region	7151	451563	63.15	0	144
BdenJEL423_SC45	7120	553999	77.81	0	151
BdenJEL423_SC45_region	7120	553999	77.81	0	151
BdenJEL423_SC46	7014	491971	70.14	0	189
BdenJEL423_SC46_region	7014	491971	70.14	0	189
BdenJEL423_SC47	6856	1895885	276.53	1	1142
BdenJEL423_SC47_region	6856	1895885	276.53	1	1142
BdenJEL423_SC48	6834	820502	120.06	0	255
BdenJEL423_SC48_region	6834	820502	120.06	0	255
BdenJEL423_SC49	6519	2448610	375.61	0	2836
BdenJEL423_SC49_region	6519	2448610	375.61	0	2836
BdenJEL423_SC50	6174	525677	85.14	0	153
BdenJEL423_SC50_region	6174	525677	85.14	0	153
BdenJEL423_SC51	6095	2737720	449.17	0	2950
BdenJEL423_SC51_region	6095	2737720	449.17	0	2950
BdenJEL423_SC52	6071	382803	63.05	1	181
BdenJEL423_SC52_region	6071	382803	63.05	1	181
BdenJEL423_SC53	6016	6159472	1023.85	0	2992
BdenJEL423_SC53_region	6016	6159472	1023.85	0	2992
BdenJEL423_SC54	5992	3414634	569.87	0	3245
BdenJEL423_SC54_region	5992	3414634	569.87	0	3245
BdenJEL423_SC55	5977	314486	52.62	0	157
BdenJEL423_SC55_region	5977	314486	52.62	0	157
BdenJEL423_SC56	5808	548086	94.37	0	339
BdenJEL423_SC56_region	5808	548086	94.37	0	339
BdenJEL423_SC57	5752	1518448	263.99	0	1512
BdenJEL423_SC57_region	5752	1518448	263.99	0	1512
BdenJEL423_SC58	8484	5930843	699.06	0	4817
BdenJEL423_SC58_region	8484	5930843	699.06	0	4817
BdenJEL423_SC59	5694	677890	119.05	0	282
BdenJEL423_SC59_region	5694	677890	119.05	0	282
BdenJEL423_SC60	5543	329997	59.53	1	210
BdenJEL423_SC60_region	5543	329997	59.53	1	210
BdenJEL423_SC61	5512	368023	66.77	1	134
BdenJEL423_SC61_region	5512	368023	66.77	1	134
BdenJEL423_SC62	5380	358902	66.71	0	182
BdenJEL423_SC62_region	5380	358902	66.71	0	182
BdenJEL423_SC63	5288	344916	65.23	0	191
BdenJEL423_SC63_region	5288	344916	65.23	0	191
BdenJEL423_SC64	5189	431122	83.08	0	234
BdenJEL423_SC64_region	5189	431122	83.08	0	234
BdenJEL423_SC65	5077	3242763	638.72	5	1916
BdenJEL423_SC65_region	5077	3242763	638.72	5	1916
BdenJEL423_SC66	4922	404058	82.09	1	240
BdenJEL423_SC66_region	4922	404058	82.09	1	240
BdenJEL423_SC67	4755	287424	60.45	0	175
BdenJEL423_SC67_region	4755	287424	60.45	0	175
BdenJEL423_SC68	4529	7893178	1742.81	6	3795
BdenJEL423_SC68_region	4529	7893178	1742.81	6	3795
BdenJEL423_SC69	2608	1992140	763.86	0	3832
BdenJEL423_SC69_region	2608	1992140	763.86	0	3832
BdenJEL423_mito	175284	47234275	269.47	0	776
BdenJEL423_mito_region	175284	47234275	269.47	0	776
total	23897668	2521091493	105.50	0	6032
total_region	23897668	2521091493	105.50	0	6032
