chrom	length	bases	mean	min	max
BdenJEL423_SC01	4440149	156852212	35.33	0	252
BdenJEL423_SC01_region	4440149	156852212	35.33	0	252
BdenJEL423_SC02	2313122	116838419	50.51	0	2102
BdenJEL423_SC02_region	2313122	116838419	50.51	0	2102
BdenJEL423_SC03	1829408	91732057	50.14	0	973
BdenJEL423_SC03_region	1829408	91732057	50.14	0	973
BdenJEL423_SC04	1803316	63595960	35.27	0	145
BdenJEL423_SC04_region	1803316	63595960	35.27	0	145
BdenJEL423_SC05	1707251	64946186	38.04	0	708
BdenJEL423_SC05_region	1707251	64946186	38.04	0	708
BdenJEL423_SC06	1545501	58603349	37.92	0	1549
BdenJEL423_SC06_region	1545501	58603349	37.92	0	1549
BdenJEL423_SC07	1398854	50914701	36.40	0	419
BdenJEL423_SC07_region	1398854	50914701	36.40	0	419
BdenJEL423_SC08	1069847	52511783	49.08	0	1731
BdenJEL423_SC08_region	1069847	52511783	49.08	0	1731
BdenJEL423_SC09	1057463	36280452	34.31	0	163
BdenJEL423_SC09_region	1057463	36280452	34.31	0	163
BdenJEL423_SC10	1012305	38821388	38.35	0	198
BdenJEL423_SC10_region	1012305	38821388	38.35	0	198
BdenJEL423_SC11	979369	33199348	33.90	0	405
BdenJEL423_SC11_region	979369	33199348	33.90	0	405
BdenJEL423_SC12	937107	32691361	34.89	0	168
BdenJEL423_SC12_region	937107	32691361	34.89	0	168
BdenJEL423_SC13	898261	34543192	38.46	0	835
BdenJEL423_SC13_region	898261	34543192	38.46	0	835
BdenJEL423_SC14	857155	91670046	106.95	0	3517
BdenJEL423_SC14_region	857155	91670046	106.95	0	3517
BdenJEL423_SC15	557602	23014477	41.27	0	283
BdenJEL423_SC15_region	557602	23014477	41.27	0	283
BdenJEL423_SC16	498254	15308882	30.73	0	158
BdenJEL423_SC16_region	498254	15308882	30.73	0	158
BdenJEL423_SC17	243426	9987319	41.03	0	124
BdenJEL423_SC17_region	243426	9987319	41.03	0	124
BdenJEL423_SC18	48566	2380589	49.02	0	641
BdenJEL423_SC18_region	48566	2380589	49.02	0	641
BdenJEL423_SC19	69118	1877580	27.16	0	96
BdenJEL423_SC19_region	69118	1877580	27.16	0	96
BdenJEL423_SC20	45066	2297233	50.97	0	173
BdenJEL423_SC20_region	45066	2297233	50.97	0	173
BdenJEL423_SC21	28371	997781	35.17	0	57
BdenJEL423_SC21_region	28371	997781	35.17	0	57
BdenJEL423_SC22	17531	439143	25.05	0	85
BdenJEL423_SC22_region	17531	439143	25.05	0	85
BdenJEL423_SC23	15724	1452539	92.38	0	753
BdenJEL423_SC23_region	15724	1452539	92.38	0	753
BdenJEL423_SC24	15635	572334	36.61	0	96
BdenJEL423_SC24_region	15635	572334	36.61	0	96
BdenJEL423_SC25	13302	525070	39.47	0	131
BdenJEL423_SC25_region	13302	525070	39.47	0	131
BdenJEL423_SC26	12287	474072	38.58	1	95
BdenJEL423_SC26_region	12287	474072	38.58	1	95
BdenJEL423_SC27	11745	785237	66.86	0	288
BdenJEL423_SC27_region	11745	785237	66.86	0	288
BdenJEL423_SC28	11715	371957	31.75	0	81
BdenJEL423_SC28_region	11715	371957	31.75	0	81
BdenJEL423_SC29	10519	283057	26.91	0	78
BdenJEL423_SC29_region	10519	283057	26.91	0	78
BdenJEL423_SC30	9825	234137	23.83	0	59
BdenJEL423_SC30_region	9825	234137	23.83	0	59
BdenJEL423_SC31	9499	354471	37.32	0	101
BdenJEL423_SC31_region	9499	354471	37.32	0	101
BdenJEL423_SC32	9394	494392	52.63	0	258
BdenJEL423_SC32_region	9394	494392	52.63	0	258
BdenJEL423_SC33	8891	259651	29.20	0	57
BdenJEL423_SC33_region	8891	259651	29.20	0	57
BdenJEL423_SC34	8868	205314	23.15	0	53
BdenJEL423_SC34_region	8868	205314	23.15	0	53
BdenJEL423_SC35	14477	2370117	163.72	0	1915
BdenJEL423_SC35_region	14477	2370117	163.72	0	1915
BdenJEL423_SC36	8411	263390	31.31	0	87
BdenJEL423_SC36_region	8411	263390	31.31	0	87
BdenJEL423_SC37	8246	258526	31.35	0	71
BdenJEL423_SC37_region	8246	258526	31.35	0	71
BdenJEL423_SC38	7919	252191	31.85	0	60
BdenJEL423_SC38_region	7919	252191	31.85	0	60
BdenJEL423_SC39	7486	375134	50.11	0	152
BdenJEL423_SC39_region	7486	375134	50.11	0	152
BdenJEL423_SC40	7373	55428	7.52	0	29
BdenJEL423_SC40_region	7373	55428	7.52	0	29
BdenJEL423_SC41	7250	7006921	966.47	10	1512
BdenJEL423_SC41_region	7250	7006921	966.47	10	1512
BdenJEL423_SC42	7213	196713	27.27	0	69
BdenJEL423_SC42_region	7213	196713	27.27	0	69
BdenJEL423_SC43	7203	169782	23.57	0	64
BdenJEL423_SC43_region	7203	169782	23.57	0	64
BdenJEL423_SC44	7151	206448	28.87	0	73
BdenJEL423_SC44_region	7151	206448	28.87	0	73
BdenJEL423_SC45	7120	223839	31.44	0	64
BdenJEL423_SC45_region	7120	223839	31.44	0	64
BdenJEL423_SC46	7014	184509	26.31	0	63
BdenJEL423_SC46_region	7014	184509	26.31	0	63
BdenJEL423_SC47	6856	518030	75.56	1	289
BdenJEL423_SC47_region	6856	518030	75.56	1	289
BdenJEL423_SC48	6834	315358	46.15	0	83
BdenJEL423_SC48_region	6834	315358	46.15	0	83
BdenJEL423_SC49	6519	710357	108.97	0	849
BdenJEL423_SC49_region	6519	710357	108.97	0	849
BdenJEL423_SC50	6174	200051	32.40	0	61
BdenJEL423_SC50_region	6174	200051	32.40	0	61
BdenJEL423_SC51	6095	1208533	198.28	0	1707
BdenJEL423_SC51_region	6095	1208533	198.28	0	1707
BdenJEL423_SC52	6071	103872	17.11	1	34
BdenJEL423_SC52_region	6071	103872	17.11	1	34
BdenJEL423_SC53	6016	3282955	545.70	0	1645
BdenJEL423_SC53_region	6016	3282955	545.70	0	1645
BdenJEL423_SC54	5992	1631909	272.35	0	1775
BdenJEL423_SC54_region	5992	1631909	272.35	0	1775
BdenJEL423_SC55	5977	125310	20.97	0	49
BdenJEL423_SC55_region	5977	125310	20.97	0	49
BdenJEL423_SC56	5808	190148	32.74	0	111
BdenJEL423_SC56_region	5808	190148	32.74	0	111
BdenJEL423_SC57	5752	357154	62.09	0	177
BdenJEL423_SC57_region	5752	357154	62.09	0	177
BdenJEL423_SC58	8484	2661255	313.68	0	2323
BdenJEL423_SC58_region	8484	2661255	313.68	0	2323
BdenJEL423_SC59	5694	259947	45.65	0	116
BdenJEL423_SC59_region	5694	259947	45.65	0	116
BdenJEL423_SC60	5543	118647	21.40	0	48
BdenJEL423_SC60_region	5543	118647	21.40	0	48
BdenJEL423_SC61	5512	160871	29.19	0	66
BdenJEL423_SC61_region	5512	160871	29.19	0	66
BdenJEL423_SC62	5380	147438	27.40	0	104
BdenJEL423_SC62_region	5380	147438	27.40	0	104
BdenJEL423_SC63	5288	75181	14.22	0	43
BdenJEL423_SC63_region	5288	75181	14.22	0	43
BdenJEL423_SC64	5189	143791	27.71	0	62
BdenJEL423_SC64_region	5189	143791	27.71	0	62
BdenJEL423_SC65	5077	1696514	334.16	0	946
BdenJEL423_SC65_region	5077	1696514	334.16	0	946
BdenJEL423_SC66	4922	134231	27.27	1	75
BdenJEL423_SC66_region	4922	134231	27.27	1	75
BdenJEL423_SC67	4755	95514	20.09	0	48
BdenJEL423_SC67_region	4755	95514	20.09	0	48
BdenJEL423_SC68	4529	4332604	956.64	7	2787
BdenJEL423_SC68_region	4529	4332604	956.64	7	2787
BdenJEL423_SC69	2608	1247473	478.33	0	1247
BdenJEL423_SC69_region	2608	1247473	478.33	0	1247
BdenJEL423_mito	175284	159033063	907.29	0	1337
BdenJEL423_mito_region	175284	159033063	907.29	0	1337
total	23897668	1175828893	49.20	0	3517
total_region	23897668	1175828893	49.20	0	3517
