chrom	length	bases	mean	min	max
BdenJEL423_SC01	4440149	394224571	88.79	0	698
BdenJEL423_SC01_region	4440149	394224571	88.79	0	698
BdenJEL423_SC02	2313122	222401150	96.15	0	1648
BdenJEL423_SC02_region	2313122	222401150	96.15	0	1648
BdenJEL423_SC03	1829408	179611389	98.18	0	1678
BdenJEL423_SC03_region	1829408	179611389	98.18	0	1678
BdenJEL423_SC04	1803316	161317510	89.46	0	460
BdenJEL423_SC04_region	1803316	161317510	89.46	0	460
BdenJEL423_SC05	1707251	153874825	90.13	0	1377
BdenJEL423_SC05_region	1707251	153874825	90.13	0	1377
BdenJEL423_SC06	1545501	141177282	91.35	0	1869
BdenJEL423_SC06_region	1545501	141177282	91.35	0	1869
BdenJEL423_SC07	1398854	139289976	99.57	0	1107
BdenJEL423_SC07_region	1398854	139289976	99.57	0	1107
BdenJEL423_SC08	1069847	102331773	95.65	0	2139
BdenJEL423_SC08_region	1069847	102331773	95.65	0	2139
BdenJEL423_SC09	1057463	93278577	88.21	0	367
BdenJEL423_SC09_region	1057463	93278577	88.21	0	367
BdenJEL423_SC10	1012305	90961964	89.86	0	662
BdenJEL423_SC10_region	1012305	90961964	89.86	0	662
BdenJEL423_SC11	979369	90046486	91.94	0	964
BdenJEL423_SC11_region	979369	90046486	91.94	0	964
BdenJEL423_SC12	937107	82301636	87.83	0	565
BdenJEL423_SC12_region	937107	82301636	87.83	0	565
BdenJEL423_SC13	898261	89621235	99.77	0	1826
BdenJEL423_SC13_region	898261	89621235	99.77	0	1826
BdenJEL423_SC14	857155	154554219	180.31	0	3785
BdenJEL423_SC14_region	857155	154554219	180.31	0	3785
BdenJEL423_SC15	557602	52160797	93.54	0	649
BdenJEL423_SC15_region	557602	52160797	93.54	0	649
BdenJEL423_SC16	498254	44365660	89.04	0	374
BdenJEL423_SC16_region	498254	44365660	89.04	0	374
BdenJEL423_SC17	243426	15826310	65.01	0	271
BdenJEL423_SC17_region	243426	15826310	65.01	0	271
BdenJEL423_SC18	48566	5378283	110.74	0	1000
BdenJEL423_SC18_region	48566	5378283	110.74	0	1000
BdenJEL423_SC19	69118	3729670	53.96	0	201
BdenJEL423_SC19_region	69118	3729670	53.96	0	201
BdenJEL423_SC20	45066	2851282	63.27	0	361
BdenJEL423_SC20_region	45066	2851282	63.27	0	361
BdenJEL423_SC21	28371	2605660	91.84	0	133
BdenJEL423_SC21_region	28371	2605660	91.84	0	133
BdenJEL423_SC22	17531	1040257	59.34	0	166
BdenJEL423_SC22_region	17531	1040257	59.34	0	166
BdenJEL423_SC23	15724	3106265	197.55	0	960
BdenJEL423_SC23_region	15724	3106265	197.55	0	960
BdenJEL423_SC24	15635	1116044	71.38	0	197
BdenJEL423_SC24_region	15635	1116044	71.38	0	197
BdenJEL423_SC25	13302	1508485	113.40	0	666
BdenJEL423_SC25_region	13302	1508485	113.40	0	666
BdenJEL423_SC26	12287	1295970	105.47	0	349
BdenJEL423_SC26_region	12287	1295970	105.47	0	349
BdenJEL423_SC27	11745	1753406	149.29	0	650
BdenJEL423_SC27_region	11745	1753406	149.29	0	650
BdenJEL423_SC28	11715	994573	84.90	0	201
BdenJEL423_SC28_region	11715	994573	84.90	0	201
BdenJEL423_SC29	10519	569443	54.13	0	144
BdenJEL423_SC29_region	10519	569443	54.13	0	144
BdenJEL423_SC30	9825	645887	65.74	0	160
BdenJEL423_SC30_region	9825	645887	65.74	0	160
BdenJEL423_SC31	9499	742941	78.21	0	224
BdenJEL423_SC31_region	9499	742941	78.21	0	224
BdenJEL423_SC32	9394	1474323	156.94	0	491
BdenJEL423_SC32_region	9394	1474323	156.94	0	491
BdenJEL423_SC33	8891	664365	74.72	0	127
BdenJEL423_SC33_region	8891	664365	74.72	0	127
BdenJEL423_SC34	8868	861075	97.10	0	255
BdenJEL423_SC34_region	8868	861075	97.10	0	255
BdenJEL423_SC35	14477	3157557	218.11	0	1117
BdenJEL423_SC35_region	14477	3157557	218.11	0	1117
BdenJEL423_SC36	8411	607423	72.22	1	188
BdenJEL423_SC36_region	8411	607423	72.22	1	188
BdenJEL423_SC37	8246	488547	59.25	0	198
BdenJEL423_SC37_region	8246	488547	59.25	0	198
BdenJEL423_SC38	7919	636778	80.41	0	130
BdenJEL423_SC38_region	7919	636778	80.41	0	130
BdenJEL423_SC39	7486	712894	95.23	0	295
BdenJEL423_SC39_region	7486	712894	95.23	0	295
BdenJEL423_SC40	7373	538094	72.98	0	149
BdenJEL423_SC40_region	7373	538094	72.98	0	149
BdenJEL423_SC41	7250	6439395	888.19	0	1515
BdenJEL423_SC41_region	7250	6439395	888.19	0	1515
BdenJEL423_SC42	7213	560024	77.64	0	174
BdenJEL423_SC42_region	7213	560024	77.64	0	174
BdenJEL423_SC43	7203	423899	58.85	0	138
BdenJEL423_SC43_region	7203	423899	58.85	0	138
BdenJEL423_SC44	7151	349858	48.92	0	147
BdenJEL423_SC44_region	7151	349858	48.92	0	147
BdenJEL423_SC45	7120	561561	78.87	0	174
BdenJEL423_SC45_region	7120	561561	78.87	0	174
BdenJEL423_SC46	7014	539550	76.92	0	182
BdenJEL423_SC46_region	7014	539550	76.92	0	182
BdenJEL423_SC47	6856	1731876	252.61	1	728
BdenJEL423_SC47_region	6856	1731876	252.61	1	728
BdenJEL423_SC48	6834	640179	93.68	0	190
BdenJEL423_SC48_region	6834	640179	93.68	0	190
BdenJEL423_SC49	6519	1807618	277.28	0	885
BdenJEL423_SC49_region	6519	1807618	277.28	0	885
BdenJEL423_SC50	6174	549783	89.05	0	150
BdenJEL423_SC50_region	6174	549783	89.05	0	150
BdenJEL423_SC51	6095	2154350	353.46	0	1633
BdenJEL423_SC51_region	6095	2154350	353.46	0	1633
BdenJEL423_SC52	6071	342427	56.40	4	116
BdenJEL423_SC52_region	6071	342427	56.40	4	116
BdenJEL423_SC53	6016	2742909	455.94	0	1185
BdenJEL423_SC53_region	6016	2742909	455.94	0	1185
BdenJEL423_SC54	5992	2968153	495.35	0	1756
BdenJEL423_SC54_region	5992	2968153	495.35	0	1756
BdenJEL423_SC55	5977	234591	39.25	0	95
BdenJEL423_SC55_region	5977	234591	39.25	0	95
BdenJEL423_SC56	5808	601725	103.60	0	243
BdenJEL423_SC56_region	5808	601725	103.60	0	243
BdenJEL423_SC57	5752	1347787	234.32	0	807
BdenJEL423_SC57_region	5752	1347787	234.32	0	807
BdenJEL423_SC58	8484	5945490	700.79	0	5386
BdenJEL423_SC58_region	8484	5945490	700.79	0	5386
BdenJEL423_SC59	5694	756218	132.81	1	319
BdenJEL423_SC59_region	5694	756218	132.81	1	319
BdenJEL423_SC60	5543	110118	19.87	0	118
BdenJEL423_SC60_region	5543	110118	19.87	0	118
BdenJEL423_SC61	5512	268042	48.63	0	223
BdenJEL423_SC61_region	5512	268042	48.63	0	223
BdenJEL423_SC62	5380	275483	51.21	0	147
BdenJEL423_SC62_region	5380	275483	51.21	0	147
BdenJEL423_SC63	5288	306001	57.87	0	185
BdenJEL423_SC63_region	5288	306001	57.87	0	185
BdenJEL423_SC64	5189	436442	84.11	0	156
BdenJEL423_SC64_region	5189	436442	84.11	0	156
BdenJEL423_SC65	5077	2765846	544.78	4	1684
BdenJEL423_SC65_region	5077	2765846	544.78	4	1684
BdenJEL423_SC66	4922	328723	66.79	0	232
BdenJEL423_SC66_region	4922	328723	66.79	0	232
BdenJEL423_SC67	4755	58256	12.25	0	52
BdenJEL423_SC67_region	4755	58256	12.25	0	52
BdenJEL423_SC68	4529	3893415	859.66	2	1762
BdenJEL423_SC68_region	4529	3893415	859.66	2	1762
BdenJEL423_SC69	2608	1696977	650.68	0	1515
BdenJEL423_SC69_region	2608	1696977	650.68	0	1515
BdenJEL423_mito	175284	185890214	1060.51	0	1947
BdenJEL423_mito_region	175284	185890214	1060.51	0	1947
total	23897668	2470551492	103.38	0	5386
total_region	23897668	2470551492	103.38	0	5386
