chrom	length	bases	mean	min	max
BdenJEL423_SC01	4440149	348030118	78.38	0	2558
BdenJEL423_SC01_region	4440149	348030118	78.38	0	2558
BdenJEL423_SC02	2313122	192871836	83.38	0	1987
BdenJEL423_SC02_region	2313122	192871836	83.38	0	1987
BdenJEL423_SC03	1829408	154324790	84.36	0	4618
BdenJEL423_SC03_region	1829408	154324790	84.36	0	4618
BdenJEL423_SC04	1803316	142224732	78.87	0	420
BdenJEL423_SC04_region	1803316	142224732	78.87	0	420
BdenJEL423_SC05	1707251	135269934	79.23	0	3731
BdenJEL423_SC05_region	1707251	135269934	79.23	0	3731
BdenJEL423_SC06	1545501	126435236	81.81	0	1505
BdenJEL423_SC06_region	1545501	126435236	81.81	0	1505
BdenJEL423_SC07	1398854	119176250	85.20	0	1103
BdenJEL423_SC07_region	1398854	119176250	85.20	0	1103
BdenJEL423_SC08	1069847	87802097	82.07	0	2731
BdenJEL423_SC08_region	1069847	87802097	82.07	0	2731
BdenJEL423_SC09	1057463	83048434	78.54	0	375
BdenJEL423_SC09_region	1057463	83048434	78.54	0	375
BdenJEL423_SC10	1012305	81415105	80.43	0	1585
BdenJEL423_SC10_region	1012305	81415105	80.43	0	1585
BdenJEL423_SC11	979369	78207932	79.86	0	521
BdenJEL423_SC11_region	979369	78207932	79.86	0	521
BdenJEL423_SC12	937107	73825123	78.78	0	428
BdenJEL423_SC12_region	937107	73825123	78.78	0	428
BdenJEL423_SC13	898261	80044215	89.11	0	1807
BdenJEL423_SC13_region	898261	80044215	89.11	0	1807
BdenJEL423_SC14	857155	139865838	163.17	0	4659
BdenJEL423_SC14_region	857155	139865838	163.17	0	4659
BdenJEL423_SC15	557602	45757778	82.06	0	1531
BdenJEL423_SC15_region	557602	45757778	82.06	0	1531
BdenJEL423_SC16	498254	27352808	54.90	0	336
BdenJEL423_SC16_region	498254	27352808	54.90	0	336
BdenJEL423_SC17	243426	17830112	73.25	0	191
BdenJEL423_SC17_region	243426	17830112	73.25	0	191
BdenJEL423_SC18	48566	5829139	120.03	0	1659
BdenJEL423_SC18_region	48566	5829139	120.03	0	1659
BdenJEL423_SC19	69118	3152998	45.62	0	145
BdenJEL423_SC19_region	69118	3152998	45.62	0	145
BdenJEL423_SC20	45066	3644079	80.86	0	373
BdenJEL423_SC20_region	45066	3644079	80.86	0	373
BdenJEL423_SC21	28371	2254031	79.45	0	123
BdenJEL423_SC21_region	28371	2254031	79.45	0	123
BdenJEL423_SC22	17531	1117346	63.74	0	198
BdenJEL423_SC22_region	17531	1117346	63.74	0	198
BdenJEL423_SC23	15724	4005840	254.76	0	2302
BdenJEL423_SC23_region	15724	4005840	254.76	0	2302
BdenJEL423_SC24	15635	1000441	63.99	0	166
BdenJEL423_SC24_region	15635	1000441	63.99	0	166
BdenJEL423_SC25	13302	1346653	101.24	0	531
BdenJEL423_SC25_region	13302	1346653	101.24	0	531
BdenJEL423_SC26	12287	1064600	86.64	0	275
BdenJEL423_SC26_region	12287	1064600	86.64	0	275
BdenJEL423_SC27	11745	1732313	147.49	0	1150
BdenJEL423_SC27_region	11745	1732313	147.49	0	1150
BdenJEL423_SC28	11715	828864	70.75	0	171
BdenJEL423_SC28_region	11715	828864	70.75	0	171
BdenJEL423_SC29	10519	440158	41.84	0	127
BdenJEL423_SC29_region	10519	440158	41.84	0	127
BdenJEL423_SC30	9825	549219	55.90	0	136
BdenJEL423_SC30_region	9825	549219	55.90	0	136
BdenJEL423_SC31	9499	701343	73.83	0	194
BdenJEL423_SC31_region	9499	701343	73.83	0	194
BdenJEL423_SC32	9394	1268655	135.05	0	753
BdenJEL423_SC32_region	9394	1268655	135.05	0	753
BdenJEL423_SC33	8891	529415	59.55	0	105
BdenJEL423_SC33_region	8891	529415	59.55	0	105
BdenJEL423_SC34	8868	531962	59.99	0	143
BdenJEL423_SC34_region	8868	531962	59.99	0	143
BdenJEL423_SC35	14477	3237045	223.60	0	2468
BdenJEL423_SC35_region	14477	3237045	223.60	0	2468
BdenJEL423_SC36	8411	397856	47.30	0	131
BdenJEL423_SC36_region	8411	397856	47.30	0	131
BdenJEL423_SC37	8246	448339	54.37	0	238
BdenJEL423_SC37_region	8246	448339	54.37	0	238
BdenJEL423_SC38	7919	562466	71.03	0	124
BdenJEL423_SC38_region	7919	562466	71.03	0	124
BdenJEL423_SC39	7486	890505	118.96	0	532
BdenJEL423_SC39_region	7486	890505	118.96	0	532
BdenJEL423_SC40	7373	291588	39.55	0	66
BdenJEL423_SC40_region	7373	291588	39.55	0	66
BdenJEL423_SC41	7250	10041971	1385.10	0	2242
BdenJEL423_SC41_region	7250	10041971	1385.10	0	2242
BdenJEL423_SC42	7213	452534	62.74	0	134
BdenJEL423_SC42_region	7213	452534	62.74	0	134
BdenJEL423_SC43	7203	377140	52.36	0	116
BdenJEL423_SC43_region	7203	377140	52.36	0	116
BdenJEL423_SC44	7151	426142	59.59	0	169
BdenJEL423_SC44_region	7151	426142	59.59	0	169
BdenJEL423_SC45	7120	438925	61.65	0	119
BdenJEL423_SC45_region	7120	438925	61.65	0	119
BdenJEL423_SC46	7014	461543	65.80	0	146
BdenJEL423_SC46_region	7014	461543	65.80	0	146
BdenJEL423_SC47	6856	1872607	273.13	0	951
BdenJEL423_SC47_region	6856	1872607	273.13	0	951
BdenJEL423_SC48	6834	520761	76.20	0	142
BdenJEL423_SC48_region	6834	520761	76.20	0	142
BdenJEL423_SC49	6519	3866918	593.18	0	4761
BdenJEL423_SC49_region	6519	3866918	593.18	0	4761
BdenJEL423_SC50	6174	456572	73.95	0	135
BdenJEL423_SC50_region	6174	456572	73.95	0	135
BdenJEL423_SC51	6095	2135365	350.35	0	2099
BdenJEL423_SC51_region	6095	2135365	350.35	0	2099
BdenJEL423_SC52	6071	232917	38.37	4	70
BdenJEL423_SC52_region	6071	232917	38.37	4	70
BdenJEL423_SC53	6016	3915728	650.89	0	3138
BdenJEL423_SC53_region	6016	3915728	650.89	0	3138
BdenJEL423_SC54	5992	3493383	583.01	0	2146
BdenJEL423_SC54_region	5992	3493383	583.01	0	2146
BdenJEL423_SC55	5977	215155	36.00	0	91
BdenJEL423_SC55_region	5977	215155	36.00	0	91
BdenJEL423_SC56	5808	238188	41.01	0	241
BdenJEL423_SC56_region	5808	238188	41.01	0	241
BdenJEL423_SC57	5752	1772395	308.14	0	1700
BdenJEL423_SC57_region	5752	1772395	308.14	0	1700
BdenJEL423_SC58	8484	4860643	572.92	0	4377
BdenJEL423_SC58_region	8484	4860643	572.92	0	4377
BdenJEL423_SC59	5694	623242	109.46	1	281
BdenJEL423_SC59_region	5694	623242	109.46	1	281
BdenJEL423_SC60	5543	97696	17.63	0	86
BdenJEL423_SC60_region	5543	97696	17.63	0	86
BdenJEL423_SC61	5512	485537	88.09	3	210
BdenJEL423_SC61_region	5512	485537	88.09	3	210
BdenJEL423_SC62	5380	349913	65.04	3	159
BdenJEL423_SC62_region	5380	349913	65.04	3	159
BdenJEL423_SC63	5288	201424	38.09	0	137
BdenJEL423_SC63_region	5288	201424	38.09	0	137
BdenJEL423_SC64	5189	335390	64.63	1	130
BdenJEL423_SC64_region	5189	335390	64.63	1	130
BdenJEL423_SC65	5077	2907591	572.70	0	1844
BdenJEL423_SC65_region	5077	2907591	572.70	0	1844
BdenJEL423_SC66	4922	291128	59.15	0	171
BdenJEL423_SC66_region	4922	291128	59.15	0	171
BdenJEL423_SC67	4755	52694	11.08	0	47
BdenJEL423_SC67_region	4755	52694	11.08	0	47
BdenJEL423_SC68	4529	4646424	1025.93	0	4184
BdenJEL423_SC68_region	4529	4646424	1025.93	0	4184
BdenJEL423_SC69	2608	592121	227.04	0	668
BdenJEL423_SC69_region	2608	592121	227.04	0	668
BdenJEL423_mito	175284	164878063	940.63	0	1837
BdenJEL423_mito_region	175284	164878063	940.63	0	1837
total	23897668	2180547303	91.25	0	4761
total_region	23897668	2180547303	91.25	0	4761
