chrom	length	bases	mean	min	max
BdenJEL423_SC01	4440149	1051145450	236.74	0	4758
BdenJEL423_SC01_region	4440149	1051145450	236.74	0	4758
BdenJEL423_SC02	2313122	957658553	414.01	0	10685
BdenJEL423_SC02_region	2313122	957658553	414.01	0	10685
BdenJEL423_SC03	1829408	600829820	328.43	0	3974
BdenJEL423_SC03_region	1829408	600829820	328.43	0	3974
BdenJEL423_SC04	1803316	480453448	266.43	0	1687
BdenJEL423_SC04_region	1803316	480453448	266.43	0	1687
BdenJEL423_SC05	1707251	481367519	281.95	0	4278
BdenJEL423_SC05_region	1707251	481367519	281.95	0	4278
BdenJEL423_SC06	1545501	422943866	273.66	0	6800
BdenJEL423_SC06_region	1545501	422943866	273.66	0	6800
BdenJEL423_SC07	1398854	324932164	232.28	0	4569
BdenJEL423_SC07_region	1398854	324932164	232.28	0	4569
BdenJEL423_SC08	1069847	295759456	276.45	0	7324
BdenJEL423_SC08_region	1069847	295759456	276.45	0	7324
BdenJEL423_SC09	1057463	234882101	222.12	0	2261
BdenJEL423_SC09_region	1057463	234882101	222.12	0	2261
BdenJEL423_SC10	1012305	249773380	246.74	0	2752
BdenJEL423_SC10_region	1012305	249773380	246.74	0	2752
BdenJEL423_SC11	979369	267737574	273.38	0	2025
BdenJEL423_SC11_region	979369	267737574	273.38	0	2025
BdenJEL423_SC12	937107	204701283	218.44	0	2847
BdenJEL423_SC12_region	937107	204701283	218.44	0	2847
BdenJEL423_SC13	898261	242222350	269.66	0	7926
BdenJEL423_SC13_region	898261	242222350	269.66	0	7926
BdenJEL423_SC14	857155	282708884	329.82	0	5483
BdenJEL423_SC14_region	857155	282708884	329.82	0	5483
BdenJEL423_SC15	557602	220666983	395.74	0	2072
BdenJEL423_SC15_region	557602	220666983	395.74	0	2072
BdenJEL423_SC16	498254	115853647	232.52	0	2578
BdenJEL423_SC16_region	498254	115853647	232.52	0	2578
BdenJEL423_SC17	243426	82748512	339.93	0	1467
BdenJEL423_SC17_region	243426	82748512	339.93	0	1467
BdenJEL423_SC18	48566	18397770	378.82	0	4643
BdenJEL423_SC18_region	48566	18397770	378.82	0	4643
BdenJEL423_SC19	69118	11848148	171.42	0	1314
BdenJEL423_SC19_region	69118	11848148	171.42	0	1314
BdenJEL423_SC20	45066	18405395	408.41	0	2522
BdenJEL423_SC20_region	45066	18405395	408.41	0	2522
BdenJEL423_SC21	28371	6352457	223.91	1	509
BdenJEL423_SC21_region	28371	6352457	223.91	1	509
BdenJEL423_SC22	17531	3255453	185.70	0	930
BdenJEL423_SC22_region	17531	3255453	185.70	0	930
BdenJEL423_SC23	15724	9730957	618.86	0	2561
BdenJEL423_SC23_region	15724	9730957	618.86	0	2561
BdenJEL423_SC24	15635	4377812	280.00	0	1315
BdenJEL423_SC24_region	15635	4377812	280.00	0	1315
BdenJEL423_SC25	13302	5709662	429.23	0	1957
BdenJEL423_SC25_region	13302	5709662	429.23	0	1957
BdenJEL423_SC26	12287	5352390	435.61	1	1323
BdenJEL423_SC26_region	12287	5352390	435.61	1	1323
BdenJEL423_SC27	11745	5747457	489.35	0	2778
BdenJEL423_SC27_region	11745	5747457	489.35	0	2778
BdenJEL423_SC28	11715	2061312	175.95	0	498
BdenJEL423_SC28_region	11715	2061312	175.95	0	498
BdenJEL423_SC29	10519	2218646	210.92	0	893
BdenJEL423_SC29_region	10519	2218646	210.92	0	893
BdenJEL423_SC30	9825	2762447	281.17	0	1764
BdenJEL423_SC30_region	9825	2762447	281.17	0	1764
BdenJEL423_SC31	9499	1422883	149.79	0	607
BdenJEL423_SC31_region	9499	1422883	149.79	0	607
BdenJEL423_SC32	9394	3959088	421.45	0	2631
BdenJEL423_SC32_region	9394	3959088	421.45	0	2631
BdenJEL423_SC33	8891	2032952	228.65	0	441
BdenJEL423_SC33_region	8891	2032952	228.65	0	441
BdenJEL423_SC34	8868	1749996	197.34	0	897
BdenJEL423_SC34_region	8868	1749996	197.34	0	897
BdenJEL423_SC35	14477	6441784	444.97	0	4164
BdenJEL423_SC35_region	14477	6441784	444.97	0	4164
BdenJEL423_SC36	8411	2045592	243.20	0	990
BdenJEL423_SC36_region	8411	2045592	243.20	0	990
BdenJEL423_SC37	8246	1952787	236.82	0	1452
BdenJEL423_SC37_region	8246	1952787	236.82	0	1452
BdenJEL423_SC38	7919	1823446	230.26	0	1580
BdenJEL423_SC38_region	7919	1823446	230.26	0	1580
BdenJEL423_SC39	7486	2660865	355.45	0	2569
BdenJEL423_SC39_region	7486	2660865	355.45	0	2569
BdenJEL423_SC40	7373	1128679	153.08	0	377
BdenJEL423_SC40_region	7373	1128679	153.08	0	377
BdenJEL423_SC41	7250	11491425	1585.02	1	4019
BdenJEL423_SC41_region	7250	11491425	1585.02	1	4019
BdenJEL423_SC42	7213	1412853	195.88	0	588
BdenJEL423_SC42_region	7213	1412853	195.88	0	588
BdenJEL423_SC43	7203	640251	88.89	0	534
BdenJEL423_SC43_region	7203	640251	88.89	0	534
BdenJEL423_SC44	7151	2826038	395.19	0	1539
BdenJEL423_SC44_region	7151	2826038	395.19	0	1539
BdenJEL423_SC45	7120	1388727	195.05	0	1026
BdenJEL423_SC45_region	7120	1388727	195.05	0	1026
BdenJEL423_SC46	7014	906502	129.24	0	652
BdenJEL423_SC46_region	7014	906502	129.24	0	652
BdenJEL423_SC47	6856	5324609	776.63	0	3231
BdenJEL423_SC47_region	6856	5324609	776.63	0	3231
BdenJEL423_SC48	6834	3557315	520.53	0	1311
BdenJEL423_SC48_region	6834	3557315	520.53	0	1311
BdenJEL423_SC49	6519	5803867	890.30	0	4264
BdenJEL423_SC49_region	6519	5803867	890.30	0	4264
BdenJEL423_SC50	6174	1141550	184.90	0	774
BdenJEL423_SC50_region	6174	1141550	184.90	0	774
BdenJEL423_SC51	6095	4114636	675.08	0	3489
BdenJEL423_SC51_region	6095	4114636	675.08	0	3489
BdenJEL423_SC52	6071	1192496	196.42	1	618
BdenJEL423_SC52_region	6071	1192496	196.42	1	618
BdenJEL423_SC53	6016	2218908	368.83	0	2016
BdenJEL423_SC53_region	6016	2218908	368.83	0	2016
BdenJEL423_SC54	5992	6134491	1023.78	0	5473
BdenJEL423_SC54_region	5992	6134491	1023.78	0	5473
BdenJEL423_SC55	5977	1235602	206.73	0	789
BdenJEL423_SC55_region	5977	1235602	206.73	0	789
BdenJEL423_SC56	5808	1048318	180.50	0	1250
BdenJEL423_SC56_region	5808	1048318	180.50	0	1250
BdenJEL423_SC57	5752	2847015	494.96	0	3117
BdenJEL423_SC57_region	5752	2847015	494.96	0	3117
BdenJEL423_SC58	8484	16335827	1925.49	0	10429
BdenJEL423_SC58_region	8484	16335827	1925.49	0	10429
BdenJEL423_SC59	5694	2639699	463.59	7	1614
BdenJEL423_SC59_region	5694	2639699	463.59	7	1614
BdenJEL423_SC60	5543	788031	142.17	0	364
BdenJEL423_SC60_region	5543	788031	142.17	0	364
BdenJEL423_SC61	5512	1322178	239.87	0	944
BdenJEL423_SC61_region	5512	1322178	239.87	0	944
BdenJEL423_SC62	5380	768683	142.88	0	1510
BdenJEL423_SC62_region	5380	768683	142.88	0	1510
BdenJEL423_SC63	5288	568630	107.53	0	567
BdenJEL423_SC63_region	5288	568630	107.53	0	567
BdenJEL423_SC64	5189	1039638	200.35	0	418
BdenJEL423_SC64_region	5189	1039638	200.35	0	418
BdenJEL423_SC65	5077	10554784	2078.94	0	7915
BdenJEL423_SC65_region	5077	10554784	2078.94	0	7915
BdenJEL423_SC66	4922	864700	175.68	0	970
BdenJEL423_SC66_region	4922	864700	175.68	0	970
BdenJEL423_SC67	4755	285450	60.03	0	402
BdenJEL423_SC67_region	4755	285450	60.03	0	402
BdenJEL423_SC68	4529	2909691	642.46	2	3624
BdenJEL423_SC68_region	4529	2909691	642.46	2	3624
BdenJEL423_SC69	2608	912030	349.70	0	1332
BdenJEL423_SC69_region	2608	912030	349.70	0	1332
BdenJEL423_mito	175284	355592505	2028.66	0	8632
BdenJEL423_mito_region	175284	355592505	2028.66	0	8632
total	23897668	7085689417	296.50	0	10685
total_region	23897668	7085689417	296.50	0	10685
