chrom	length	bases	mean	min	max
BdenJEL423_SC01	4440149	1071746139	241.38	0	6026
BdenJEL423_SC01_region	4440149	1071746139	241.38	0	6026
BdenJEL423_SC02	2313122	615111804	265.92	0	10130
BdenJEL423_SC02_region	2313122	615111804	265.92	0	10130
BdenJEL423_SC03	1829408	433899377	237.18	0	4881
BdenJEL423_SC03_region	1829408	433899377	237.18	0	4881
BdenJEL423_SC04	1803316	425944331	236.20	0	1233
BdenJEL423_SC04_region	1803316	425944331	236.20	0	1233
BdenJEL423_SC05	1707251	629145507	368.51	0	6523
BdenJEL423_SC05_region	1707251	629145507	368.51	0	6523
BdenJEL423_SC06	1545501	373531857	241.69	0	6120
BdenJEL423_SC06_region	1545501	373531857	241.69	0	6120
BdenJEL423_SC07	1398854	333097703	238.12	0	4635
BdenJEL423_SC07_region	1398854	333097703	238.12	0	4635
BdenJEL423_SC08	1069847	258640523	241.75	0	7492
BdenJEL423_SC08_region	1069847	258640523	241.75	0	7492
BdenJEL423_SC09	1057463	244403015	231.12	0	1723
BdenJEL423_SC09_region	1057463	244403015	231.12	0	1723
BdenJEL423_SC10	1012305	245953357	242.96	0	1935
BdenJEL423_SC10_region	1012305	245953357	242.96	0	1935
BdenJEL423_SC11	979369	231463414	236.34	0	2001
BdenJEL423_SC11_region	979369	231463414	236.34	0	2001
BdenJEL423_SC12	937107	205491309	219.28	0	2015
BdenJEL423_SC12_region	937107	205491309	219.28	0	2015
BdenJEL423_SC13	898261	276763372	308.11	0	15653
BdenJEL423_SC13_region	898261	276763372	308.11	0	15653
BdenJEL423_SC14	857155	303107283	353.62	0	5273
BdenJEL423_SC14_region	857155	303107283	353.62	0	5273
BdenJEL423_SC15	557602	150434149	269.79	0	1919
BdenJEL423_SC15_region	557602	150434149	269.79	0	1919
BdenJEL423_SC16	498254	113772892	228.34	0	1573
BdenJEL423_SC16_region	498254	113772892	228.34	0	1573
BdenJEL423_SC17	243426	55858206	229.47	0	1227
BdenJEL423_SC17_region	243426	55858206	229.47	0	1227
BdenJEL423_SC18	48566	13779674	283.73	0	5952
BdenJEL423_SC18_region	48566	13779674	283.73	0	5952
BdenJEL423_SC19	69118	9715154	140.56	0	1052
BdenJEL423_SC19_region	69118	9715154	140.56	0	1052
BdenJEL423_SC20	45066	14119568	313.31	0	1744
BdenJEL423_SC20_region	45066	14119568	313.31	0	1744
BdenJEL423_SC21	28371	6561137	231.26	0	452
BdenJEL423_SC21_region	28371	6561137	231.26	0	452
BdenJEL423_SC22	17531	2674079	152.53	0	755
BdenJEL423_SC22_region	17531	2674079	152.53	0	755
BdenJEL423_SC23	15724	7866573	500.29	0	2499
BdenJEL423_SC23_region	15724	7866573	500.29	0	2499
BdenJEL423_SC24	15635	3273007	209.34	0	1268
BdenJEL423_SC24_region	15635	3273007	209.34	0	1268
BdenJEL423_SC25	13302	3626149	272.60	0	1188
BdenJEL423_SC25_region	13302	3626149	272.60	0	1188
BdenJEL423_SC26	12287	4435431	360.99	1	1310
BdenJEL423_SC26_region	12287	4435431	360.99	1	1310
BdenJEL423_SC27	11745	4818445	410.26	0	3320
BdenJEL423_SC27_region	11745	4818445	410.26	0	3320
BdenJEL423_SC28	11715	2912274	248.59	0	884
BdenJEL423_SC28_region	11715	2912274	248.59	0	884
BdenJEL423_SC29	10519	2071876	196.97	0	1091
BdenJEL423_SC29_region	10519	2071876	196.97	0	1091
BdenJEL423_SC30	9825	2166192	220.48	0	1350
BdenJEL423_SC30_region	9825	2166192	220.48	0	1350
BdenJEL423_SC31	9499	1222901	128.74	0	449
BdenJEL423_SC31_region	9499	1222901	128.74	0	449
BdenJEL423_SC32	9394	4659857	496.05	0	3879
BdenJEL423_SC32_region	9394	4659857	496.05	0	3879
BdenJEL423_SC33	8891	2759046	310.32	0	505
BdenJEL423_SC33_region	8891	2759046	310.32	0	505
BdenJEL423_SC34	8868	1387048	156.41	0	634
BdenJEL423_SC34_region	8868	1387048	156.41	0	634
BdenJEL423_SC35	14477	6039165	417.16	0	3438
BdenJEL423_SC35_region	14477	6039165	417.16	0	3438
BdenJEL423_SC36	8411	1527885	181.65	0	792
BdenJEL423_SC36_region	8411	1527885	181.65	0	792
BdenJEL423_SC37	8246	1509388	183.04	0	1154
BdenJEL423_SC37_region	8246	1509388	183.04	0	1154
BdenJEL423_SC38	7919	1666006	210.38	0	1147
BdenJEL423_SC38_region	7919	1666006	210.38	0	1147
BdenJEL423_SC39	7486	3460085	462.21	0	5534
BdenJEL423_SC39_region	7486	3460085	462.21	0	5534
BdenJEL423_SC40	7373	984760	133.56	0	433
BdenJEL423_SC40_region	7373	984760	133.56	0	433
BdenJEL423_SC41	7250	16931875	2335.43	0	6310
BdenJEL423_SC41_region	7250	16931875	2335.43	0	6310
BdenJEL423_SC42	7213	1181799	163.84	0	415
BdenJEL423_SC42_region	7213	1181799	163.84	0	415
BdenJEL423_SC43	7203	808659	112.27	0	452
BdenJEL423_SC43_region	7203	808659	112.27	0	452
BdenJEL423_SC44	7151	1798739	251.54	0	837
BdenJEL423_SC44_region	7151	1798739	251.54	0	837
BdenJEL423_SC45	7120	1500950	210.81	0	642
BdenJEL423_SC45_region	7120	1500950	210.81	0	642
BdenJEL423_SC46	7014	845820	120.59	0	558
BdenJEL423_SC46_region	7014	845820	120.59	0	558
BdenJEL423_SC47	6856	4247942	619.59	3	2262
BdenJEL423_SC47_region	6856	4247942	619.59	3	2262
BdenJEL423_SC48	6834	1942209	284.20	0	758
BdenJEL423_SC48_region	6834	1942209	284.20	0	758
BdenJEL423_SC49	6519	4493733	689.33	0	3010
BdenJEL423_SC49_region	6519	4493733	689.33	0	3010
BdenJEL423_SC50	6174	951636	154.14	0	702
BdenJEL423_SC50_region	6174	951636	154.14	0	702
BdenJEL423_SC51	6095	3879415	636.49	0	2362
BdenJEL423_SC51_region	6095	3879415	636.49	0	2362
BdenJEL423_SC52	6071	1182807	194.83	0	695
BdenJEL423_SC52_region	6071	1182807	194.83	0	695
BdenJEL423_SC53	6016	1582880	263.11	0	1386
BdenJEL423_SC53_region	6016	1582880	263.11	0	1386
BdenJEL423_SC54	5992	6390447	1066.50	0	6529
BdenJEL423_SC54_region	5992	6390447	1066.50	0	6529
BdenJEL423_SC55	5977	897693	150.19	0	599
BdenJEL423_SC55_region	5977	897693	150.19	0	599
BdenJEL423_SC56	5808	1078717	185.73	0	1149
BdenJEL423_SC56_region	5808	1078717	185.73	0	1149
BdenJEL423_SC57	5752	4316722	750.47	0	4723
BdenJEL423_SC57_region	5752	4316722	750.47	0	4723
BdenJEL423_SC58	8484	14605114	1721.49	0	8493
BdenJEL423_SC58_region	8484	14605114	1721.49	0	8493
BdenJEL423_SC59	5694	2229122	391.49	3	968
BdenJEL423_SC59_region	5694	2229122	391.49	3	968
BdenJEL423_SC60	5543	922489	166.42	6	378
BdenJEL423_SC60_region	5543	922489	166.42	6	378
BdenJEL423_SC61	5512	927136	168.20	0	609
BdenJEL423_SC61_region	5512	927136	168.20	0	609
BdenJEL423_SC62	5380	804560	149.55	0	1404
BdenJEL423_SC62_region	5380	804560	149.55	0	1404
BdenJEL423_SC63	5288	518585	98.07	0	515
BdenJEL423_SC63_region	5288	518585	98.07	0	515
BdenJEL423_SC64	5189	1005371	193.75	0	476
BdenJEL423_SC64_region	5189	1005371	193.75	0	476
BdenJEL423_SC65	5077	10219817	2012.96	0	6788
BdenJEL423_SC65_region	5077	10219817	2012.96	0	6788
BdenJEL423_SC66	4922	866098	175.96	0	666
BdenJEL423_SC66_region	4922	866098	175.96	0	666
BdenJEL423_SC67	4755	690813	145.28	0	418
BdenJEL423_SC67_region	4755	690813	145.28	0	418
BdenJEL423_SC68	4529	2862723	632.09	1	3258
BdenJEL423_SC68_region	4529	2862723	632.09	1	3258
BdenJEL423_SC69	2608	755106	289.53	0	1352
BdenJEL423_SC69_region	2608	755106	289.53	0	1352
BdenJEL423_mito	175284	488259212	2785.53	0	8386
BdenJEL423_mito_region	175284	488259212	2785.53	0	8386
total	23897668	6650298127	278.28	0	15653
total_region	23897668	6650298127	278.28	0	15653
