chrom	length	bases	mean	min	max
BdenJEL423_SC01	4440149	1060983699	238.95	0	4804
BdenJEL423_SC01_region	4440149	1060983699	238.95	0	4804
BdenJEL423_SC02	2313122	800913772	346.25	0	11753
BdenJEL423_SC02_region	2313122	800913772	346.25	0	11753
BdenJEL423_SC03	1829408	591863577	323.53	0	5930
BdenJEL423_SC03_region	1829408	591863577	323.53	0	5930
BdenJEL423_SC04	1803316	441953609	245.08	0	1396
BdenJEL423_SC04_region	1803316	441953609	245.08	0	1396
BdenJEL423_SC05	1707251	430640666	252.24	0	5846
BdenJEL423_SC05_region	1707251	430640666	252.24	0	5846
BdenJEL423_SC06	1545501	330290046	213.71	0	8421
BdenJEL423_SC06_region	1545501	330290046	213.71	0	8421
BdenJEL423_SC07	1398854	343748560	245.74	0	6037
BdenJEL423_SC07_region	1398854	343748560	245.74	0	6037
BdenJEL423_SC08	1069847	251302764	234.90	0	7067
BdenJEL423_SC08_region	1069847	251302764	234.90	0	7067
BdenJEL423_SC09	1057463	219548170	207.62	0	1403
BdenJEL423_SC09_region	1057463	219548170	207.62	0	1403
BdenJEL423_SC10	1012305	253789271	250.70	0	2431
BdenJEL423_SC10_region	1012305	253789271	250.70	0	2431
BdenJEL423_SC11	979369	226960896	231.74	0	1867
BdenJEL423_SC11_region	979369	226960896	231.74	0	1867
BdenJEL423_SC12	937107	244442657	260.85	0	2259
BdenJEL423_SC12_region	937107	244442657	260.85	0	2259
BdenJEL423_SC13	898261	229630326	255.64	0	6379
BdenJEL423_SC13_region	898261	229630326	255.64	0	6379
BdenJEL423_SC14	857155	303191812	353.72	0	7368
BdenJEL423_SC14_region	857155	303191812	353.72	0	7368
BdenJEL423_SC15	557602	165189874	296.25	0	1582
BdenJEL423_SC15_region	557602	165189874	296.25	0	1582
BdenJEL423_SC16	498254	105777235	212.30	0	1401
BdenJEL423_SC16_region	498254	105777235	212.30	0	1401
BdenJEL423_SC17	243426	60615800	249.01	0	1062
BdenJEL423_SC17_region	243426	60615800	249.01	0	1062
BdenJEL423_SC18	48566	15862311	326.61	0	5901
BdenJEL423_SC18_region	48566	15862311	326.61	0	5901
BdenJEL423_SC19	69118	9888588	143.07	0	1018
BdenJEL423_SC19_region	69118	9888588	143.07	0	1018
BdenJEL423_SC20	45066	14236162	315.90	0	1849
BdenJEL423_SC20_region	45066	14236162	315.90	0	1849
BdenJEL423_SC21	28371	6334911	223.29	1	451
BdenJEL423_SC21_region	28371	6334911	223.29	1	451
BdenJEL423_SC22	17531	2839083	161.95	0	965
BdenJEL423_SC22_region	17531	2839083	161.95	0	965
BdenJEL423_SC23	15724	8973162	570.67	0	3545
BdenJEL423_SC23_region	15724	8973162	570.67	0	3545
BdenJEL423_SC24	15635	3471921	222.06	0	1273
BdenJEL423_SC24_region	15635	3471921	222.06	0	1273
BdenJEL423_SC25	13302	4106946	308.75	0	1281
BdenJEL423_SC25_region	13302	4106946	308.75	0	1281
BdenJEL423_SC26	12287	4466973	363.55	3	1017
BdenJEL423_SC26_region	12287	4466973	363.55	3	1017
BdenJEL423_SC27	11745	5905392	502.80	0	2492
BdenJEL423_SC27_region	11745	5905392	502.80	0	2492
BdenJEL423_SC28	11715	2331084	198.98	0	580
BdenJEL423_SC28_region	11715	2331084	198.98	0	580
BdenJEL423_SC29	10519	1797393	170.87	0	975
BdenJEL423_SC29_region	10519	1797393	170.87	0	975
BdenJEL423_SC30	9825	2346597	238.84	0	1663
BdenJEL423_SC30_region	9825	2346597	238.84	0	1663
BdenJEL423_SC31	9499	1285096	135.29	0	557
BdenJEL423_SC31_region	9499	1285096	135.29	0	557
BdenJEL423_SC32	9394	3816941	406.32	0	2373
BdenJEL423_SC32_region	9394	3816941	406.32	0	2373
BdenJEL423_SC33	8891	1819702	204.67	0	360
BdenJEL423_SC33_region	8891	1819702	204.67	0	360
BdenJEL423_SC34	8868	1771501	199.76	0	910
BdenJEL423_SC34_region	8868	1771501	199.76	0	910
BdenJEL423_SC35	14477	5928373	409.50	0	3957
BdenJEL423_SC35_region	14477	5928373	409.50	0	3957
BdenJEL423_SC36	8411	1646075	195.71	0	807
BdenJEL423_SC36_region	8411	1646075	195.71	0	807
BdenJEL423_SC37	8246	1718206	208.37	0	1191
BdenJEL423_SC37_region	8246	1718206	208.37	0	1191
BdenJEL423_SC38	7919	1735762	219.19	0	1155
BdenJEL423_SC38_region	7919	1735762	219.19	0	1155
BdenJEL423_SC39	7486	2557319	341.61	0	3913
BdenJEL423_SC39_region	7486	2557319	341.61	0	3913
BdenJEL423_SC40	7373	1213562	164.60	0	404
BdenJEL423_SC40_region	7373	1213562	164.60	0	404
BdenJEL423_SC41	7250	10880945	1500.82	0	5726
BdenJEL423_SC41_region	7250	10880945	1500.82	0	5726
BdenJEL423_SC42	7213	1256124	174.15	0	503
BdenJEL423_SC42_region	7213	1256124	174.15	0	503
BdenJEL423_SC43	7203	725063	100.66	0	404
BdenJEL423_SC43_region	7203	725063	100.66	0	404
BdenJEL423_SC44	7151	1906994	266.68	0	953
BdenJEL423_SC44_region	7151	1906994	266.68	0	953
BdenJEL423_SC45	7120	1234888	173.44	0	637
BdenJEL423_SC45_region	7120	1234888	173.44	0	637
BdenJEL423_SC46	7014	840940	119.89	0	456
BdenJEL423_SC46_region	7014	840940	119.89	0	456
BdenJEL423_SC47	6856	5876872	857.19	0	5008
BdenJEL423_SC47_region	6856	5876872	857.19	0	5008
BdenJEL423_SC48	6834	2820713	412.75	0	1101
BdenJEL423_SC48_region	6834	2820713	412.75	0	1101
BdenJEL423_SC49	6519	7241104	1110.77	0	6236
BdenJEL423_SC49_region	6519	7241104	1110.77	0	6236
BdenJEL423_SC50	6174	965313	156.35	0	733
BdenJEL423_SC50_region	6174	965313	156.35	0	733
BdenJEL423_SC51	6095	3856423	632.72	0	4229
BdenJEL423_SC51_region	6095	3856423	632.72	0	4229
BdenJEL423_SC52	6071	1203194	198.19	0	601
BdenJEL423_SC52_region	6071	1203194	198.19	0	601
BdenJEL423_SC53	6016	2338462	388.71	0	2568
BdenJEL423_SC53_region	6016	2338462	388.71	0	2568
BdenJEL423_SC54	5992	7884770	1315.88	0	8652
BdenJEL423_SC54_region	5992	7884770	1315.88	0	8652
BdenJEL423_SC55	5977	997786	166.94	0	689
BdenJEL423_SC55_region	5977	997786	166.94	0	689
BdenJEL423_SC56	5808	1078816	185.75	0	1249
BdenJEL423_SC56_region	5808	1078816	185.75	0	1249
BdenJEL423_SC57	5752	2582692	449.01	0	3618
BdenJEL423_SC57_region	5752	2582692	449.01	0	3618
BdenJEL423_SC58	8484	14322458	1688.17	0	8933
BdenJEL423_SC58_region	8484	14322458	1688.17	0	8933
BdenJEL423_SC59	5694	2281101	400.61	0	1205
BdenJEL423_SC59_region	5694	2281101	400.61	0	1205
BdenJEL423_SC60	5543	894433	161.36	7	350
BdenJEL423_SC60_region	5543	894433	161.36	7	350
BdenJEL423_SC61	5512	1069003	193.94	0	723
BdenJEL423_SC61_region	5512	1069003	193.94	0	723
BdenJEL423_SC62	5380	813939	151.29	0	1408
BdenJEL423_SC62_region	5380	813939	151.29	0	1408
BdenJEL423_SC63	5288	543332	102.75	0	518
BdenJEL423_SC63_region	5288	543332	102.75	0	518
BdenJEL423_SC64	5189	1039424	200.31	0	467
BdenJEL423_SC64_region	5189	1039424	200.31	0	467
BdenJEL423_SC65	5077	10280407	2024.90	0	6803
BdenJEL423_SC65_region	5077	10280407	2024.90	0	6803
BdenJEL423_SC66	4922	831120	168.86	0	676
BdenJEL423_SC66_region	4922	831120	168.86	0	676
BdenJEL423_SC67	4755	854409	179.69	0	509
BdenJEL423_SC67_region	4755	854409	179.69	0	509
BdenJEL423_SC68	4529	2965995	654.89	2	4962
BdenJEL423_SC68_region	4529	2965995	654.89	2	4962
BdenJEL423_SC69	2608	841719	322.75	0	1447
BdenJEL423_SC69_region	2608	841719	322.75	0	1447
BdenJEL423_mito	175284	483015192	2755.61	0	8122
BdenJEL423_mito_region	175284	483015192	2755.61	0	8122
total	23897668	6740339425	282.05	0	11753
total_region	23897668	6740339425	282.05	0	11753
