chrom	length	bases	mean	min	max
BdenJEL423_SC01	4440149	1057434072	238.15	0	3809
BdenJEL423_SC01_region	4440149	1057434072	238.15	0	3809
BdenJEL423_SC02	2313122	834641716	360.83	0	17462
BdenJEL423_SC02_region	2313122	834641716	360.83	0	17462
BdenJEL423_SC03	1829408	636523180	347.94	0	17043
BdenJEL423_SC03_region	1829408	636523180	347.94	0	17043
BdenJEL423_SC04	1803316	426630059	236.58	0	1894
BdenJEL423_SC04_region	1803316	426630059	236.58	0	1894
BdenJEL423_SC05	1707251	568480583	332.98	0	12116
BdenJEL423_SC05_region	1707251	568480583	332.98	0	12116
BdenJEL423_SC06	1545501	385033645	249.13	0	17947
BdenJEL423_SC06_region	1545501	385033645	249.13	0	17947
BdenJEL423_SC07	1398854	452795520	323.69	0	8771
BdenJEL423_SC07_region	1398854	452795520	323.69	0	8771
BdenJEL423_SC08	1069847	275367861	257.39	0	14989
BdenJEL423_SC08_region	1069847	275367861	257.39	0	14989
BdenJEL423_SC09	1057463	245108638	231.79	0	1356
BdenJEL423_SC09_region	1057463	245108638	231.79	0	1356
BdenJEL423_SC10	1012305	255612306	252.51	0	4974
BdenJEL423_SC10_region	1012305	255612306	252.51	0	4974
BdenJEL423_SC11	979369	232174581	237.07	0	2062
BdenJEL423_SC11_region	979369	232174581	237.07	0	2062
BdenJEL423_SC12	937107	214102747	228.47	0	2722
BdenJEL423_SC12_region	937107	214102747	228.47	0	2722
BdenJEL423_SC13	898261	270344041	300.96	0	16816
BdenJEL423_SC13_region	898261	270344041	300.96	0	16816
BdenJEL423_SC14	857155	427865444	499.17	0	16381
BdenJEL423_SC14_region	857155	427865444	499.17	0	16381
BdenJEL423_SC15	557602	141829583	254.36	0	2187
BdenJEL423_SC15_region	557602	141829583	254.36	0	2187
BdenJEL423_SC16	498254	114906659	230.62	0	2549
BdenJEL423_SC16_region	498254	114906659	230.62	0	2549
BdenJEL423_SC17	243426	53710575	220.64	0	1320
BdenJEL423_SC17_region	243426	53710575	220.64	0	1320
BdenJEL423_SC18	48566	20174019	415.39	0	9588
BdenJEL423_SC18_region	48566	20174019	415.39	0	9588
BdenJEL423_SC19	69118	10993468	159.05	0	1156
BdenJEL423_SC19_region	69118	10993468	159.05	0	1156
BdenJEL423_SC20	45066	14746842	327.23	0	1789
BdenJEL423_SC20_region	45066	14746842	327.23	0	1789
BdenJEL423_SC21	28371	6810213	240.04	0	480
BdenJEL423_SC21_region	28371	6810213	240.04	0	480
BdenJEL423_SC22	17531	3394189	193.61	0	1176
BdenJEL423_SC22_region	17531	3394189	193.61	0	1176
BdenJEL423_SC23	15724	12934704	822.61	0	6308
BdenJEL423_SC23_region	15724	12934704	822.61	0	6308
BdenJEL423_SC24	15635	4054009	259.29	0	1491
BdenJEL423_SC24_region	15635	4054009	259.29	0	1491
BdenJEL423_SC25	13302	4983560	374.65	0	1565
BdenJEL423_SC25_region	13302	4983560	374.65	0	1565
BdenJEL423_SC26	12287	4195762	341.48	1	1235
BdenJEL423_SC26_region	12287	4195762	341.48	1	1235
BdenJEL423_SC27	11745	8693211	740.16	0	5236
BdenJEL423_SC27_region	11745	8693211	740.16	0	5236
BdenJEL423_SC28	11715	2274127	194.12	0	558
BdenJEL423_SC28_region	11715	2274127	194.12	0	558
BdenJEL423_SC29	10519	1975572	187.81	0	980
BdenJEL423_SC29_region	10519	1975572	187.81	0	980
BdenJEL423_SC30	9825	2746644	279.56	0	1925
BdenJEL423_SC30_region	9825	2746644	279.56	0	1925
BdenJEL423_SC31	9499	1443100	151.92	0	688
BdenJEL423_SC31_region	9499	1443100	151.92	0	688
BdenJEL423_SC32	9394	4896407	521.23	0	5345
BdenJEL423_SC32_region	9394	4896407	521.23	0	5345
BdenJEL423_SC33	8891	2391358	268.96	0	479
BdenJEL423_SC33_region	8891	2391358	268.96	0	479
BdenJEL423_SC34	8868	1684194	189.92	0	867
BdenJEL423_SC34_region	8868	1684194	189.92	0	867
BdenJEL423_SC35	14477	12935348	893.51	0	7874
BdenJEL423_SC35_region	14477	12935348	893.51	0	7874
BdenJEL423_SC36	8411	1826274	217.13	0	940
BdenJEL423_SC36_region	8411	1826274	217.13	0	940
BdenJEL423_SC37	8246	1801135	218.43	0	1250
BdenJEL423_SC37_region	8246	1801135	218.43	0	1250
BdenJEL423_SC38	7919	1781564	224.97	0	1418
BdenJEL423_SC38_region	7919	1781564	224.97	0	1418
BdenJEL423_SC39	7486	3305857	441.61	0	6164
BdenJEL423_SC39_region	7486	3305857	441.61	0	6164
BdenJEL423_SC40	7373	1161152	157.49	0	411
BdenJEL423_SC40_region	7373	1161152	157.49	0	411
BdenJEL423_SC41	7250	7216643	995.40	0	2865
BdenJEL423_SC41_region	7250	7216643	995.40	0	2865
BdenJEL423_SC42	7213	1469392	203.71	0	597
BdenJEL423_SC42_region	7213	1469392	203.71	0	597
BdenJEL423_SC43	7203	751836	104.38	0	544
BdenJEL423_SC43_region	7203	751836	104.38	0	544
BdenJEL423_SC44	7151	1973248	275.94	0	1078
BdenJEL423_SC44_region	7151	1973248	275.94	0	1078
BdenJEL423_SC45	7120	1546159	217.16	0	813
BdenJEL423_SC45_region	7120	1546159	217.16	0	813
BdenJEL423_SC46	7014	1236403	176.28	0	881
BdenJEL423_SC46_region	7014	1236403	176.28	0	881
BdenJEL423_SC47	6856	10337655	1507.83	0	13358
BdenJEL423_SC47_region	6856	10337655	1507.83	0	13358
BdenJEL423_SC48	6834	3079293	450.58	0	1087
BdenJEL423_SC48_region	6834	3079293	450.58	0	1087
BdenJEL423_SC49	6519	17179832	2635.35	0	15067
BdenJEL423_SC49_region	6519	17179832	2635.35	0	15067
BdenJEL423_SC50	6174	914383	148.10	0	708
BdenJEL423_SC50_region	6174	914383	148.10	0	708
BdenJEL423_SC51	6095	7639762	1253.45	0	9037
BdenJEL423_SC51_region	6095	7639762	1253.45	0	9037
BdenJEL423_SC52	6071	1228382	202.34	0	570
BdenJEL423_SC52_region	6071	1228382	202.34	0	570
BdenJEL423_SC53	6016	4624064	768.63	0	5720
BdenJEL423_SC53_region	6016	4624064	768.63	0	5720
BdenJEL423_SC54	5992	16085994	2684.58	0	17710
BdenJEL423_SC54_region	5992	16085994	2684.58	0	17710
BdenJEL423_SC55	5977	1141247	190.94	0	724
BdenJEL423_SC55_region	5977	1141247	190.94	0	724
BdenJEL423_SC56	5808	1128301	194.27	0	1257
BdenJEL423_SC56_region	5808	1128301	194.27	0	1257
BdenJEL423_SC57	5752	5024880	873.59	0	9420
BdenJEL423_SC57_region	5752	5024880	873.59	0	9420
BdenJEL423_SC58	8484	16659927	1963.69	0	9916
BdenJEL423_SC58_region	8484	16659927	1963.69	0	9916
BdenJEL423_SC59	5694	2419197	424.87	0	1116
BdenJEL423_SC59_region	5694	2419197	424.87	0	1116
BdenJEL423_SC60	5543	1151769	207.79	4	464
BdenJEL423_SC60_region	5543	1151769	207.79	4	464
BdenJEL423_SC61	5512	1200981	217.88	0	972
BdenJEL423_SC61_region	5512	1200981	217.88	0	972
BdenJEL423_SC62	5380	784160	145.75	0	1434
BdenJEL423_SC62_region	5380	784160	145.75	0	1434
BdenJEL423_SC63	5288	551469	104.29	0	536
BdenJEL423_SC63_region	5288	551469	104.29	0	536
BdenJEL423_SC64	5189	1128207	217.42	0	529
BdenJEL423_SC64_region	5189	1128207	217.42	0	529
BdenJEL423_SC65	5077	14122199	2781.60	0	12787
BdenJEL423_SC65_region	5077	14122199	2781.60	0	12787
BdenJEL423_SC66	4922	893225	181.48	0	958
BdenJEL423_SC66_region	4922	893225	181.48	0	958
BdenJEL423_SC67	4755	822998	173.08	0	660
BdenJEL423_SC67_region	4755	822998	173.08	0	660
BdenJEL423_SC68	4529	6228052	1375.15	0	9242
BdenJEL423_SC68_region	4529	6228052	1375.15	0	9242
BdenJEL423_SC69	2608	1904242	730.15	0	3558
BdenJEL423_SC69_region	2608	1904242	730.15	0	3558
BdenJEL423_mito	175284	275587431	1572.23	0	6281
BdenJEL423_mito_region	175284	275587431	1572.23	0	6281
total	23897668	7129795250	298.35	0	17947
total_region	23897668	7129795250	298.35	0	17947
