chrom	length	bases	mean	min	max
BdenJEL423_SC01	4440149	172641452	38.88	0	870
BdenJEL423_SC01_region	4440149	172641452	38.88	0	870
BdenJEL423_SC02	2313122	126548899	54.71	0	913
BdenJEL423_SC02_region	2313122	126548899	54.71	0	913
BdenJEL423_SC03	1829408	103964197	56.83	0	994
BdenJEL423_SC03_region	1829408	103964197	56.83	0	994
BdenJEL423_SC04	1803316	68733326	38.11	0	191
BdenJEL423_SC04_region	1803316	68733326	38.11	0	191
BdenJEL423_SC05	1707251	66143758	38.74	0	1422
BdenJEL423_SC05_region	1707251	66143758	38.74	0	1422
BdenJEL423_SC06	1545501	61816320	40.00	0	792
BdenJEL423_SC06_region	1545501	61816320	40.00	0	792
BdenJEL423_SC07	1398854	55605620	39.75	0	644
BdenJEL423_SC07_region	1398854	55605620	39.75	0	644
BdenJEL423_SC08	1069847	48296308	45.14	0	595
BdenJEL423_SC08_region	1069847	48296308	45.14	0	595
BdenJEL423_SC09	1057463	37491113	35.45	0	225
BdenJEL423_SC09_region	1057463	37491113	35.45	0	225
BdenJEL423_SC10	1012305	38665798	38.20	0	322
BdenJEL423_SC10_region	1012305	38665798	38.20	0	322
BdenJEL423_SC11	979369	35828853	36.58	0	301
BdenJEL423_SC11_region	979369	35828853	36.58	0	301
BdenJEL423_SC12	937107	35114058	37.47	0	286
BdenJEL423_SC12_region	937107	35114058	37.47	0	286
BdenJEL423_SC13	898261	39438132	43.90	0	1031
BdenJEL423_SC13_region	898261	39438132	43.90	0	1031
BdenJEL423_SC14	857155	80634482	94.07	0	1623
BdenJEL423_SC14_region	857155	80634482	94.07	0	1623
BdenJEL423_SC15	557602	23980267	43.01	0	424
BdenJEL423_SC15_region	557602	23980267	43.01	0	424
BdenJEL423_SC16	498254	18289864	36.71	0	239
BdenJEL423_SC16_region	498254	18289864	36.71	0	239
BdenJEL423_SC17	243426	9587736	39.39	0	192
BdenJEL423_SC17_region	243426	9587736	39.39	0	192
BdenJEL423_SC18	48566	2806911	57.80	0	632
BdenJEL423_SC18_region	48566	2806911	57.80	0	632
BdenJEL423_SC19	69118	2008705	29.06	0	180
BdenJEL423_SC19_region	69118	2008705	29.06	0	180
BdenJEL423_SC20	45066	2442295	54.19	0	238
BdenJEL423_SC20_region	45066	2442295	54.19	0	238
BdenJEL423_SC21	28371	1048157	36.94	0	61
BdenJEL423_SC21_region	28371	1048157	36.94	0	61
BdenJEL423_SC22	17531	412705	23.54	0	116
BdenJEL423_SC22_region	17531	412705	23.54	0	116
BdenJEL423_SC23	15724	1696561	107.90	0	600
BdenJEL423_SC23_region	15724	1696561	107.90	0	600
BdenJEL423_SC24	15635	674049	43.11	0	190
BdenJEL423_SC24_region	15635	674049	43.11	0	190
BdenJEL423_SC25	13302	649542	48.83	0	219
BdenJEL423_SC25_region	13302	649542	48.83	0	219
BdenJEL423_SC26	12287	623775	50.77	1	152
BdenJEL423_SC26_region	12287	623775	50.77	1	152
BdenJEL423_SC27	11745	1023751	87.16	0	316
BdenJEL423_SC27_region	11745	1023751	87.16	0	316
BdenJEL423_SC28	11715	499996	42.68	0	108
BdenJEL423_SC28_region	11715	499996	42.68	0	108
BdenJEL423_SC29	10519	333270	31.68	0	138
BdenJEL423_SC29_region	10519	333270	31.68	0	138
BdenJEL423_SC30	9825	336703	34.27	0	203
BdenJEL423_SC30_region	9825	336703	34.27	0	203
BdenJEL423_SC31	9499	353674	37.23	0	99
BdenJEL423_SC31_region	9499	353674	37.23	0	99
BdenJEL423_SC32	9394	720948	76.75	0	322
BdenJEL423_SC32_region	9394	720948	76.75	0	322
BdenJEL423_SC33	8891	253161	28.47	0	52
BdenJEL423_SC33_region	8891	253161	28.47	0	52
BdenJEL423_SC34	8868	265899	29.98	0	121
BdenJEL423_SC34_region	8868	265899	29.98	0	121
BdenJEL423_SC35	14477	2393684	165.34	0	1501
BdenJEL423_SC35_region	14477	2393684	165.34	0	1501
BdenJEL423_SC36	8411	289205	34.38	0	112
BdenJEL423_SC36_region	8411	289205	34.38	0	112
BdenJEL423_SC37	8246	213584	25.90	0	219
BdenJEL423_SC37_region	8246	213584	25.90	0	219
BdenJEL423_SC38	7919	305193	38.54	0	150
BdenJEL423_SC38_region	7919	305193	38.54	0	150
BdenJEL423_SC39	7486	522798	69.84	0	316
BdenJEL423_SC39_region	7486	522798	69.84	0	316
BdenJEL423_SC40	7373	136289	18.48	0	45
BdenJEL423_SC40_region	7373	136289	18.48	0	45
BdenJEL423_SC41	7250	2991202	412.58	0	1016
BdenJEL423_SC41_region	7250	2991202	412.58	0	1016
BdenJEL423_SC42	7213	268372	37.21	0	75
BdenJEL423_SC42_region	7213	268372	37.21	0	75
BdenJEL423_SC43	7203	192904	26.78	0	81
BdenJEL423_SC43_region	7203	192904	26.78	0	81
BdenJEL423_SC44	7151	338484	47.33	0	135
BdenJEL423_SC44_region	7151	338484	47.33	0	135
BdenJEL423_SC45	7120	172661	24.25	0	77
BdenJEL423_SC45_region	7120	172661	24.25	0	77
BdenJEL423_SC46	7014	205532	29.30	0	89
BdenJEL423_SC46_region	7014	205532	29.30	0	89
BdenJEL423_SC47	6856	1045856	152.55	0	560
BdenJEL423_SC47_region	6856	1045856	152.55	0	560
BdenJEL423_SC48	6834	353557	51.74	0	105
BdenJEL423_SC48_region	6834	353557	51.74	0	105
BdenJEL423_SC49	6519	970408	148.86	0	665
BdenJEL423_SC49_region	6519	970408	148.86	0	665
BdenJEL423_SC50	6174	202020	32.72	0	88
BdenJEL423_SC50_region	6174	202020	32.72	0	88
BdenJEL423_SC51	6095	1337994	219.52	0	818
BdenJEL423_SC51_region	6095	1337994	219.52	0	818
BdenJEL423_SC52	6071	131712	21.70	0	93
BdenJEL423_SC52_region	6071	131712	21.70	0	93
BdenJEL423_SC53	6016	1428350	237.43	0	631
BdenJEL423_SC53_region	6016	1428350	237.43	0	631
BdenJEL423_SC54	5992	1909024	318.60	0	825
BdenJEL423_SC54_region	5992	1909024	318.60	0	825
BdenJEL423_SC55	5977	181870	30.43	0	91
BdenJEL423_SC55_region	5977	181870	30.43	0	91
BdenJEL423_SC56	5808	180070	31.00	0	197
BdenJEL423_SC56_region	5808	180070	31.00	0	197
BdenJEL423_SC57	5752	1034796	179.90	0	1091
BdenJEL423_SC57_region	5752	1034796	179.90	0	1091
BdenJEL423_SC58	8484	2750349	324.18	0	2225
BdenJEL423_SC58_region	8484	2750349	324.18	0	2225
BdenJEL423_SC59	5694	360241	63.27	0	180
BdenJEL423_SC59_region	5694	360241	63.27	0	180
BdenJEL423_SC60	5543	134839	24.33	0	51
BdenJEL423_SC60_region	5543	134839	24.33	0	51
BdenJEL423_SC61	5512	187124	33.95	0	72
BdenJEL423_SC61_region	5512	187124	33.95	0	72
BdenJEL423_SC62	5380	109065	20.27	0	118
BdenJEL423_SC62_region	5380	109065	20.27	0	118
BdenJEL423_SC63	5288	85518	16.17	0	62
BdenJEL423_SC63_region	5288	85518	16.17	0	62
BdenJEL423_SC64	5189	143503	27.66	0	88
BdenJEL423_SC64_region	5189	143503	27.66	0	88
BdenJEL423_SC65	5077	1788058	352.19	1	1096
BdenJEL423_SC65_region	5077	1788058	352.19	1	1096
BdenJEL423_SC66	4922	132084	26.84	0	122
BdenJEL423_SC66_region	4922	132084	26.84	0	122
BdenJEL423_SC67	4755	39202	8.24	0	50
BdenJEL423_SC67_region	4755	39202	8.24	0	50
BdenJEL423_SC68	4529	1775215	391.97	2	1150
BdenJEL423_SC68_region	4529	1775215	391.97	2	1150
BdenJEL423_SC69	2608	553001	212.04	0	428
BdenJEL423_SC69_region	2608	553001	212.04	0	428
BdenJEL423_mito	175284	105995109	604.70	0	2178
BdenJEL423_mito_region	175284	105995109	604.70	0	2178
total	23897668	1169789158	48.95	0	2225
total_region	23897668	1169789158	48.95	0	2225
