chrom	length	bases	mean	min	max
BdenJEL423_SC01	4440149	185578754	41.80	0	201
BdenJEL423_SC01_region	4440149	185578754	41.80	0	201
BdenJEL423_SC02	2313122	110174554	47.63	0	903
BdenJEL423_SC02_region	2313122	110174554	47.63	0	903
BdenJEL423_SC03	1829408	80269426	43.88	0	722
BdenJEL423_SC03_region	1829408	80269426	43.88	0	722
BdenJEL423_SC04	1803316	75211820	41.71	0	153
BdenJEL423_SC04_region	1803316	75211820	41.71	0	153
BdenJEL423_SC05	1707251	70026996	41.02	0	804
BdenJEL423_SC05_region	1707251	70026996	41.02	0	804
BdenJEL423_SC06	1545501	65398520	42.32	0	540
BdenJEL423_SC06_region	1545501	65398520	42.32	0	540
BdenJEL423_SC07	1398854	59739642	42.71	0	293
BdenJEL423_SC07_region	1398854	59739642	42.71	0	293
BdenJEL423_SC08	1069847	46052644	43.05	0	767
BdenJEL423_SC08_region	1069847	46052644	43.05	0	767
BdenJEL423_SC09	1057463	43185479	40.84	0	176
BdenJEL423_SC09_region	1057463	43185479	40.84	0	176
BdenJEL423_SC10	1012305	42102706	41.59	0	227
BdenJEL423_SC10_region	1012305	42102706	41.59	0	227
BdenJEL423_SC11	979369	40729749	41.59	0	323
BdenJEL423_SC11_region	979369	40729749	41.59	0	323
BdenJEL423_SC12	937107	38181187	40.74	0	163
BdenJEL423_SC12_region	937107	38181187	40.74	0	163
BdenJEL423_SC13	898261	40351502	44.92	0	965
BdenJEL423_SC13_region	898261	40351502	44.92	0	965
BdenJEL423_SC14	857155	68018298	79.35	0	1627
BdenJEL423_SC14_region	857155	68018298	79.35	0	1627
BdenJEL423_SC15	557602	23780221	42.65	0	301
BdenJEL423_SC15_region	557602	23780221	42.65	0	301
BdenJEL423_SC16	498254	20336673	40.82	0	181
BdenJEL423_SC16_region	498254	20336673	40.82	0	181
BdenJEL423_SC17	243426	10130068	41.61	0	116
BdenJEL423_SC17_region	243426	10130068	41.61	0	116
BdenJEL423_SC18	48566	2484469	51.16	0	573
BdenJEL423_SC18_region	48566	2484469	51.16	0	573
BdenJEL423_SC19	69118	1677312	24.27	0	80
BdenJEL423_SC19_region	69118	1677312	24.27	0	80
BdenJEL423_SC20	45066	2295402	50.93	0	174
BdenJEL423_SC20_region	45066	2295402	50.93	0	174
BdenJEL423_SC21	28371	1184183	41.74	0	79
BdenJEL423_SC21_region	28371	1184183	41.74	0	79
BdenJEL423_SC22	17531	493499	28.15	0	101
BdenJEL423_SC22_region	17531	493499	28.15	0	101
BdenJEL423_SC23	15724	1569166	99.79	0	728
BdenJEL423_SC23_region	15724	1569166	99.79	0	728
BdenJEL423_SC24	15635	864869	55.32	0	142
BdenJEL423_SC24_region	15635	864869	55.32	0	142
BdenJEL423_SC25	13302	496668	37.34	0	126
BdenJEL423_SC25_region	13302	496668	37.34	0	126
BdenJEL423_SC26	12287	582588	47.41	1	153
BdenJEL423_SC26_region	12287	582588	47.41	1	153
BdenJEL423_SC27	11745	785868	66.91	0	249
BdenJEL423_SC27_region	11745	785868	66.91	0	249
BdenJEL423_SC28	11715	428433	36.57	0	89
BdenJEL423_SC28_region	11715	428433	36.57	0	89
BdenJEL423_SC29	10519	364503	34.65	0	91
BdenJEL423_SC29_region	10519	364503	34.65	0	91
BdenJEL423_SC30	9825	372625	37.93	0	82
BdenJEL423_SC30_region	9825	372625	37.93	0	82
BdenJEL423_SC31	9499	364649	38.39	0	81
BdenJEL423_SC31_region	9499	364649	38.39	0	81
BdenJEL423_SC32	9394	545391	58.06	0	206
BdenJEL423_SC32_region	9394	545391	58.06	0	206
BdenJEL423_SC33	8891	279695	31.46	0	62
BdenJEL423_SC33_region	8891	279695	31.46	0	62
BdenJEL423_SC34	8868	259888	29.31	0	76
BdenJEL423_SC34_region	8868	259888	29.31	0	76
BdenJEL423_SC35	14477	1539272	106.33	0	1195
BdenJEL423_SC35_region	14477	1539272	106.33	0	1195
BdenJEL423_SC36	8411	500085	59.46	0	121
BdenJEL423_SC36_region	8411	500085	59.46	0	121
BdenJEL423_SC37	8246	205122	24.88	0	65
BdenJEL423_SC37_region	8246	205122	24.88	0	65
BdenJEL423_SC38	7919	292982	37.00	0	70
BdenJEL423_SC38_region	7919	292982	37.00	0	70
BdenJEL423_SC39	7486	356708	47.65	0	166
BdenJEL423_SC39_region	7486	356708	47.65	0	166
BdenJEL423_SC40	7373	137275	18.62	0	35
BdenJEL423_SC40_region	7373	137275	18.62	0	35
BdenJEL423_SC41	7250	5380157	742.09	2	1063
BdenJEL423_SC41_region	7250	5380157	742.09	2	1063
BdenJEL423_SC42	7213	220854	30.62	0	79
BdenJEL423_SC42_region	7213	220854	30.62	0	79
BdenJEL423_SC43	7203	199875	27.75	0	67
BdenJEL423_SC43_region	7203	199875	27.75	0	67
BdenJEL423_SC44	7151	210184	29.39	0	72
BdenJEL423_SC44_region	7151	210184	29.39	0	72
BdenJEL423_SC45	7120	242759	34.10	0	94
BdenJEL423_SC45_region	7120	242759	34.10	0	94
BdenJEL423_SC46	7014	211768	30.19	0	60
BdenJEL423_SC46_region	7014	211768	30.19	0	60
BdenJEL423_SC47	6856	647420	94.43	0	253
BdenJEL423_SC47_region	6856	647420	94.43	0	253
BdenJEL423_SC48	6834	285313	41.75	0	75
BdenJEL423_SC48_region	6834	285313	41.75	0	75
BdenJEL423_SC49	6519	572678	87.85	0	497
BdenJEL423_SC49_region	6519	572678	87.85	0	497
BdenJEL423_SC50	6174	230911	37.40	0	76
BdenJEL423_SC50_region	6174	230911	37.40	0	76
BdenJEL423_SC51	6095	994396	163.15	0	1025
BdenJEL423_SC51_region	6095	994396	163.15	0	1025
BdenJEL423_SC52	6071	126913	20.90	0	48
BdenJEL423_SC52_region	6071	126913	20.90	0	48
BdenJEL423_SC53	6016	1637334	272.16	0	760
BdenJEL423_SC53_region	6016	1637334	272.16	0	760
BdenJEL423_SC54	5992	1226404	204.67	0	967
BdenJEL423_SC54_region	5992	1226404	204.67	0	967
BdenJEL423_SC55	5977	131009	21.92	0	49
BdenJEL423_SC55_region	5977	131009	21.92	0	49
BdenJEL423_SC56	5808	198363	34.15	0	123
BdenJEL423_SC56_region	5808	198363	34.15	0	123
BdenJEL423_SC57	5752	513176	89.22	0	342
BdenJEL423_SC57_region	5752	513176	89.22	0	342
BdenJEL423_SC58	8484	2565177	302.35	0	2341
BdenJEL423_SC58_region	8484	2565177	302.35	0	2341
BdenJEL423_SC59	5694	313783	55.11	1	142
BdenJEL423_SC59_region	5694	313783	55.11	1	142
BdenJEL423_SC60	5543	108901	19.65	0	48
BdenJEL423_SC60_region	5543	108901	19.65	0	48
BdenJEL423_SC61	5512	168378	30.55	1	64
BdenJEL423_SC61_region	5512	168378	30.55	1	64
BdenJEL423_SC62	5380	163349	30.36	2	81
BdenJEL423_SC62_region	5380	163349	30.36	2	81
BdenJEL423_SC63	5288	115753	21.89	0	75
BdenJEL423_SC63_region	5288	115753	21.89	0	75
BdenJEL423_SC64	5189	176100	33.94	0	82
BdenJEL423_SC64_region	5189	176100	33.94	0	82
BdenJEL423_SC65	5077	1488467	293.18	0	1062
BdenJEL423_SC65_region	5077	1488467	293.18	0	1062
BdenJEL423_SC66	4922	134625	27.35	0	66
BdenJEL423_SC66_region	4922	134625	27.35	0	66
BdenJEL423_SC67	4755	131023	27.55	0	61
BdenJEL423_SC67_region	4755	131023	27.55	0	61
BdenJEL423_SC68	4529	1899433	419.39	1	1226
BdenJEL423_SC68_region	4529	1899433	419.39	1	1226
BdenJEL423_SC69	2608	467421	179.23	0	411
BdenJEL423_SC69_region	2608	467421	179.23	0	411
BdenJEL423_mito	175284	123268815	703.25	0	1024
BdenJEL423_mito_region	175284	123268815	703.25	0	1024
total	23897668	1181379630	49.43	0	2341
total_region	23897668	1181379630	49.43	0	2341
