chrom	length	bases	mean	min	max
BdenJEL423_SC01	4440149	21057096	4.74	0	238
BdenJEL423_SC01_region	4440149	21057096	4.74	0	238
BdenJEL423_SC02	2313122	19880160	8.59	0	1088
BdenJEL423_SC02_region	2313122	19880160	8.59	0	1088
BdenJEL423_SC03	1829408	14860047	8.12	0	690
BdenJEL423_SC03_region	1829408	14860047	8.12	0	690
BdenJEL423_SC04	1803316	8632450	4.79	0	405
BdenJEL423_SC04_region	1803316	8632450	4.79	0	405
BdenJEL423_SC05	1707251	8738092	5.12	0	642
BdenJEL423_SC05_region	1707251	8738092	5.12	0	642
BdenJEL423_SC06	1545501	9358796	6.06	0	492
BdenJEL423_SC06_region	1545501	9358796	6.06	0	492
BdenJEL423_SC07	1398854	10772584	7.70	0	646
BdenJEL423_SC07_region	1398854	10772584	7.70	0	646
BdenJEL423_SC08	1069847	8734003	8.16	0	1225
BdenJEL423_SC08_region	1069847	8734003	8.16	0	1225
BdenJEL423_SC09	1057463	4951314	4.68	0	60
BdenJEL423_SC09_region	1057463	4951314	4.68	0	60
BdenJEL423_SC10	1012305	5850382	5.78	0	1198
BdenJEL423_SC10_region	1012305	5850382	5.78	0	1198
BdenJEL423_SC11	979369	7237854	7.39	0	183
BdenJEL423_SC11_region	979369	7237854	7.39	0	183
BdenJEL423_SC12	937107	5284203	5.64	0	135
BdenJEL423_SC12_region	937107	5284203	5.64	0	135
BdenJEL423_SC13	898261	5752145	6.40	0	654
BdenJEL423_SC13_region	898261	5752145	6.40	0	654
BdenJEL423_SC14	857155	51885191	60.53	0	3061
BdenJEL423_SC14_region	857155	51885191	60.53	0	3061
BdenJEL423_SC15	557602	2993067	5.37	0	901
BdenJEL423_SC15_region	557602	2993067	5.37	0	901
BdenJEL423_SC16	498254	2887210	5.79	0	160
BdenJEL423_SC16_region	498254	2887210	5.79	0	160
BdenJEL423_SC17	243426	857341	3.52	0	113
BdenJEL423_SC17_region	243426	857341	3.52	0	113
BdenJEL423_SC18	48566	1503453	30.96	0	849
BdenJEL423_SC18_region	48566	1503453	30.96	0	849
BdenJEL423_SC19	69118	325834	4.71	0	28
BdenJEL423_SC19_region	69118	325834	4.71	0	28
BdenJEL423_SC20	45066	221453	4.91	0	41
BdenJEL423_SC20_region	45066	221453	4.91	0	41
BdenJEL423_SC21	28371	116930	4.12	0	14
BdenJEL423_SC21_region	28371	116930	4.12	0	14
BdenJEL423_SC22	17531	107507	6.13	0	26
BdenJEL423_SC22_region	17531	107507	6.13	0	26
BdenJEL423_SC23	15724	650479	41.37	0	322
BdenJEL423_SC23_region	15724	650479	41.37	0	322
BdenJEL423_SC24	15635	146415	9.36	0	27
BdenJEL423_SC24_region	15635	146415	9.36	0	27
BdenJEL423_SC25	13302	124828	9.38	0	31
BdenJEL423_SC25_region	13302	124828	9.38	0	31
BdenJEL423_SC26	12287	132081	10.75	0	37
BdenJEL423_SC26_region	12287	132081	10.75	0	37
BdenJEL423_SC27	11745	840256	71.54	0	616
BdenJEL423_SC27_region	11745	840256	71.54	0	616
BdenJEL423_SC28	11715	90624	7.74	0	24
BdenJEL423_SC28_region	11715	90624	7.74	0	24
BdenJEL423_SC29	10519	90608	8.61	0	26
BdenJEL423_SC29_region	10519	90608	8.61	0	26
BdenJEL423_SC30	9825	91542	9.32	0	30
BdenJEL423_SC30_region	9825	91542	9.32	0	30
BdenJEL423_SC31	9499	82112	8.64	0	29
BdenJEL423_SC31_region	9499	82112	8.64	0	29
BdenJEL423_SC32	9394	522780	55.65	0	466
BdenJEL423_SC32_region	9394	522780	55.65	0	466
BdenJEL423_SC33	8891	30838	3.47	0	14
BdenJEL423_SC33_region	8891	30838	3.47	0	14
BdenJEL423_SC34	8868	105892	11.94	0	40
BdenJEL423_SC34_region	8868	105892	11.94	0	40
BdenJEL423_SC35	14477	1463339	101.08	0	982
BdenJEL423_SC35_region	14477	1463339	101.08	0	982
BdenJEL423_SC36	8411	77175	9.18	0	24
BdenJEL423_SC36_region	8411	77175	9.18	0	24
BdenJEL423_SC37	8246	75867	9.20	0	46
BdenJEL423_SC37_region	8246	75867	9.20	0	46
BdenJEL423_SC38	7919	41804	5.28	0	18
BdenJEL423_SC38_region	7919	41804	5.28	0	18
BdenJEL423_SC39	7486	711691	95.07	0	666
BdenJEL423_SC39_region	7486	711691	95.07	0	666
BdenJEL423_SC40	7373	31241	4.24	0	12
BdenJEL423_SC40_region	7373	31241	4.24	0	12
BdenJEL423_SC41	7250	733642	101.19	0	235
BdenJEL423_SC41_region	7250	733642	101.19	0	235
BdenJEL423_SC42	7213	48958	6.79	0	21
BdenJEL423_SC42_region	7213	48958	6.79	0	21
BdenJEL423_SC43	7203	61257	8.50	0	38
BdenJEL423_SC43_region	7203	61257	8.50	0	38
BdenJEL423_SC44	7151	39802	5.57	0	17
BdenJEL423_SC44_region	7151	39802	5.57	0	17
BdenJEL423_SC45	7120	45863	6.44	0	27
BdenJEL423_SC45_region	7120	45863	6.44	0	27
BdenJEL423_SC46	7014	45974	6.55	0	28
BdenJEL423_SC46_region	7014	45974	6.55	0	28
BdenJEL423_SC47	6856	1080777	157.64	0	1575
BdenJEL423_SC47_region	6856	1080777	157.64	0	1575
BdenJEL423_SC48	6834	69294	10.14	0	38
BdenJEL423_SC48_region	6834	69294	10.14	0	38
BdenJEL423_SC49	6519	2442046	374.60	0	1274
BdenJEL423_SC49_region	6519	2442046	374.60	0	1274
BdenJEL423_SC50	6174	48151	7.80	0	22
BdenJEL423_SC50_region	6174	48151	7.80	0	22
BdenJEL423_SC51	6095	2448204	401.67	0	1782
BdenJEL423_SC51_region	6095	2448204	401.67	0	1782
BdenJEL423_SC52	6071	36656	6.04	0	19
BdenJEL423_SC52_region	6071	36656	6.04	0	19
BdenJEL423_SC53	6016	2484040	412.91	0	1190
BdenJEL423_SC53_region	6016	2484040	412.91	0	1190
BdenJEL423_SC54	5992	2482514	414.30	0	1638
BdenJEL423_SC54_region	5992	2482514	414.30	0	1638
BdenJEL423_SC55	5977	19658	3.29	0	18
BdenJEL423_SC55_region	5977	19658	3.29	0	18
BdenJEL423_SC56	5808	63491	10.93	0	36
BdenJEL423_SC56_region	5808	63491	10.93	0	36
BdenJEL423_SC57	5752	2650307	460.76	0	1621
BdenJEL423_SC57_region	5752	2650307	460.76	0	1621
BdenJEL423_SC58	8484	1038838	122.45	0	1358
BdenJEL423_SC58_region	8484	1038838	122.45	0	1358
BdenJEL423_SC59	5694	79297	13.93	0	48
BdenJEL423_SC59_region	5694	79297	13.93	0	48
BdenJEL423_SC60	5543	9491	1.71	0	13
BdenJEL423_SC60_region	5543	9491	1.71	0	13
BdenJEL423_SC61	5512	14265	2.59	0	14
BdenJEL423_SC61_region	5512	14265	2.59	0	14
BdenJEL423_SC62	5380	24705	4.59	0	21
BdenJEL423_SC62_region	5380	24705	4.59	0	21
BdenJEL423_SC63	5288	36355	6.88	0	22
BdenJEL423_SC63_region	5288	36355	6.88	0	22
BdenJEL423_SC64	5189	32267	6.22	0	16
BdenJEL423_SC64_region	5189	32267	6.22	0	16
BdenJEL423_SC65	5077	518756	102.18	0	314
BdenJEL423_SC65_region	5077	518756	102.18	0	314
BdenJEL423_SC66	4922	31366	6.37	0	23
BdenJEL423_SC66_region	4922	31366	6.37	0	23
BdenJEL423_SC67	4755	7533	1.58	0	10
BdenJEL423_SC67_region	4755	7533	1.58	0	10
BdenJEL423_SC68	4529	3703832	817.80	0	3492
BdenJEL423_SC68_region	4529	3703832	817.80	0	3492
BdenJEL423_SC69	2608	245612	94.18	0	317
BdenJEL423_SC69_region	2608	245612	94.18	0	317
BdenJEL423_mito	175284	13585032	77.50	0	284
BdenJEL423_mito_region	175284	13585032	77.50	0	284
total	23897668	231444667	9.68	0	3492
total_region	23897668	231444667	9.68	0	3492
