chrom	length	bases	mean	min	max
BdenJEL423_SC01	4440149	175653706	39.56	0	208
BdenJEL423_SC01_region	4440149	175653706	39.56	0	208
BdenJEL423_SC02	2313122	133737500	57.82	0	989
BdenJEL423_SC02_region	2313122	133737500	57.82	0	989
BdenJEL423_SC03	1829408	107597612	58.82	0	1378
BdenJEL423_SC03_region	1829408	107597612	58.82	0	1378
BdenJEL423_SC04	1803316	70541121	39.12	0	156
BdenJEL423_SC04_region	1803316	70541121	39.12	0	156
BdenJEL423_SC05	1707251	67964332	39.81	0	627
BdenJEL423_SC05_region	1707251	67964332	39.81	0	627
BdenJEL423_SC06	1545501	63555318	41.12	0	1194
BdenJEL423_SC06_region	1545501	63555318	41.12	0	1194
BdenJEL423_SC07	1398854	56887142	40.67	0	367
BdenJEL423_SC07_region	1398854	56887142	40.67	0	367
BdenJEL423_SC08	1069847	43181433	40.36	0	669
BdenJEL423_SC08_region	1069847	43181433	40.36	0	669
BdenJEL423_SC09	1057463	41341226	39.09	0	187
BdenJEL423_SC09_region	1057463	41341226	39.09	0	187
BdenJEL423_SC10	1012305	40601567	40.11	0	214
BdenJEL423_SC10_region	1012305	40601567	40.11	0	214
BdenJEL423_SC11	979369	39290351	40.12	0	311
BdenJEL423_SC11_region	979369	39290351	40.12	0	311
BdenJEL423_SC12	937107	36484799	38.93	0	163
BdenJEL423_SC12_region	937107	36484799	38.93	0	163
BdenJEL423_SC13	898261	39478600	43.95	0	932
BdenJEL423_SC13_region	898261	39478600	43.95	0	932
BdenJEL423_SC14	857155	87994816	102.66	0	2361
BdenJEL423_SC14_region	857155	87994816	102.66	0	2361
BdenJEL423_SC15	557602	22766046	40.83	0	397
BdenJEL423_SC15_region	557602	22766046	40.83	0	397
BdenJEL423_SC16	498254	18794641	37.72	0	187
BdenJEL423_SC16_region	498254	18794641	37.72	0	187
BdenJEL423_SC17	243426	9869839	40.55	0	110
BdenJEL423_SC17_region	243426	9869839	40.55	0	110
BdenJEL423_SC18	48566	2804748	57.75	0	703
BdenJEL423_SC18_region	48566	2804748	57.75	0	703
BdenJEL423_SC19	69118	1566882	22.67	0	81
BdenJEL423_SC19_region	69118	1566882	22.67	0	81
BdenJEL423_SC20	45066	2183023	48.44	0	155
BdenJEL423_SC20_region	45066	2183023	48.44	0	155
BdenJEL423_SC21	28371	1110430	39.14	1	66
BdenJEL423_SC21_region	28371	1110430	39.14	1	66
BdenJEL423_SC22	17531	286965	16.37	0	101
BdenJEL423_SC22_region	17531	286965	16.37	0	101
BdenJEL423_SC23	15724	2271904	144.49	0	1203
BdenJEL423_SC23_region	15724	2271904	144.49	0	1203
BdenJEL423_SC24	15635	607494	38.85	0	103
BdenJEL423_SC24_region	15635	607494	38.85	0	103
BdenJEL423_SC25	13302	520940	39.16	0	128
BdenJEL423_SC25_region	13302	520940	39.16	0	128
BdenJEL423_SC26	12287	489812	39.86	0	120
BdenJEL423_SC26_region	12287	489812	39.86	0	120
BdenJEL423_SC27	11745	1022216	87.03	0	316
BdenJEL423_SC27_region	11745	1022216	87.03	0	316
BdenJEL423_SC28	11715	417122	35.61	0	98
BdenJEL423_SC28_region	11715	417122	35.61	0	98
BdenJEL423_SC29	10519	311801	29.64	0	76
BdenJEL423_SC29_region	10519	311801	29.64	0	76
BdenJEL423_SC30	9825	364677	37.12	0	82
BdenJEL423_SC30_region	9825	364677	37.12	0	82
BdenJEL423_SC31	9499	356709	37.55	0	86
BdenJEL423_SC31_region	9499	356709	37.55	0	86
BdenJEL423_SC32	9394	766231	81.57	0	777
BdenJEL423_SC32_region	9394	766231	81.57	0	777
BdenJEL423_SC33	8891	273495	30.76	0	58
BdenJEL423_SC33_region	8891	273495	30.76	0	58
BdenJEL423_SC34	8868	234614	26.46	0	57
BdenJEL423_SC34_region	8868	234614	26.46	0	57
BdenJEL423_SC35	14477	2643645	182.61	0	1178
BdenJEL423_SC35_region	14477	2643645	182.61	0	1178
BdenJEL423_SC36	8411	347979	41.37	0	79
BdenJEL423_SC36_region	8411	347979	41.37	0	79
BdenJEL423_SC37	8246	200970	24.37	0	55
BdenJEL423_SC37_region	8246	200970	24.37	0	55
BdenJEL423_SC38	7919	275999	34.85	0	58
BdenJEL423_SC38_region	7919	275999	34.85	0	58
BdenJEL423_SC39	7486	319782	42.72	0	174
BdenJEL423_SC39_region	7486	319782	42.72	0	174
BdenJEL423_SC40	7373	222493	30.18	0	78
BdenJEL423_SC40_region	7373	222493	30.18	0	78
BdenJEL423_SC41	7250	4760738	656.65	3	957
BdenJEL423_SC41_region	7250	4760738	656.65	3	957
BdenJEL423_SC42	7213	216437	30.01	0	61
BdenJEL423_SC42_region	7213	216437	30.01	0	61
BdenJEL423_SC43	7203	202450	28.11	0	75
BdenJEL423_SC43_region	7203	202450	28.11	0	75
BdenJEL423_SC44	7151	213461	29.85	0	70
BdenJEL423_SC44_region	7151	213461	29.85	0	70
BdenJEL423_SC45	7120	164240	23.07	0	57
BdenJEL423_SC45_region	7120	164240	23.07	0	57
BdenJEL423_SC46	7014	221480	31.58	0	65
BdenJEL423_SC46_region	7014	221480	31.58	0	65
BdenJEL423_SC47	6856	996538	145.35	0	640
BdenJEL423_SC47_region	6856	996538	145.35	0	640
BdenJEL423_SC48	6834	367645	53.80	0	101
BdenJEL423_SC48_region	6834	367645	53.80	0	101
BdenJEL423_SC49	6519	1116678	171.30	0	770
BdenJEL423_SC49_region	6519	1116678	171.30	0	770
BdenJEL423_SC50	6174	217203	35.18	0	88
BdenJEL423_SC50_region	6174	217203	35.18	0	88
BdenJEL423_SC51	6095	1370841	224.91	0	1189
BdenJEL423_SC51_region	6095	1370841	224.91	0	1189
BdenJEL423_SC52	6071	116249	19.15	1	38
BdenJEL423_SC52_region	6071	116249	19.15	1	38
BdenJEL423_SC53	6016	2226822	370.15	0	1172
BdenJEL423_SC53_region	6016	2226822	370.15	0	1172
BdenJEL423_SC54	5992	2438927	407.03	0	1835
BdenJEL423_SC54_region	5992	2438927	407.03	0	1835
BdenJEL423_SC55	5977	118557	19.84	0	52
BdenJEL423_SC55_region	5977	118557	19.84	0	52
BdenJEL423_SC56	5808	187425	32.27	0	115
BdenJEL423_SC56_region	5808	187425	32.27	0	115
BdenJEL423_SC57	5752	834096	145.01	0	551
BdenJEL423_SC57_region	5752	834096	145.01	0	551
BdenJEL423_SC58	8484	2818295	332.19	0	2395
BdenJEL423_SC58_region	8484	2818295	332.19	0	2395
BdenJEL423_SC59	5694	338735	59.49	0	149
BdenJEL423_SC59_region	5694	338735	59.49	0	149
BdenJEL423_SC60	5543	112266	20.25	1	65
BdenJEL423_SC60_region	5543	112266	20.25	1	65
BdenJEL423_SC61	5512	170978	31.02	0	63
BdenJEL423_SC61_region	5512	170978	31.02	0	63
BdenJEL423_SC62	5380	150713	28.01	0	79
BdenJEL423_SC62_region	5380	150713	28.01	0	79
BdenJEL423_SC63	5288	94635	17.90	0	56
BdenJEL423_SC63_region	5288	94635	17.90	0	56
BdenJEL423_SC64	5189	151050	29.11	0	54
BdenJEL423_SC64_region	5189	151050	29.11	0	54
BdenJEL423_SC65	5077	1685883	332.06	3	964
BdenJEL423_SC65_region	5077	1685883	332.06	3	964
BdenJEL423_SC66	4922	142577	28.97	1	88
BdenJEL423_SC66_region	4922	142577	28.97	1	88
BdenJEL423_SC67	4755	122862	25.84	0	66
BdenJEL423_SC67_region	4755	122862	25.84	0	66
BdenJEL423_SC68	4529	2719651	600.50	1	1892
BdenJEL423_SC68_region	4529	2719651	600.50	1	1892
BdenJEL423_SC69	2608	1100455	421.95	0	831
BdenJEL423_SC69_region	2608	1100455	421.95	0	831
BdenJEL423_mito	175284	100692056	574.45	0	880
BdenJEL423_mito_region	175284	100692056	574.45	0	880
total	23897668	1201409923	50.27	0	2395
total_region	23897668	1201409923	50.27	0	2395
