chrom	length	bases	mean	min	max
BdenJEL423_SC01	4440149	375855741	84.65	0	478
BdenJEL423_SC01_region	4440149	375855741	84.65	0	478
BdenJEL423_SC02	2313122	204950750	88.60	0	1589
BdenJEL423_SC02_region	2313122	204950750	88.60	0	1589
BdenJEL423_SC03	1829408	188901693	103.26	0	1609
BdenJEL423_SC03_region	1829408	188901693	103.26	0	1609
BdenJEL423_SC04	1803316	153770575	85.27	0	318
BdenJEL423_SC04_region	1803316	153770575	85.27	0	318
BdenJEL423_SC05	1707251	151497509	88.74	0	1710
BdenJEL423_SC05_region	1707251	151497509	88.74	0	1710
BdenJEL423_SC06	1545501	142730865	92.35	0	2835
BdenJEL423_SC06_region	1545501	142730865	92.35	0	2835
BdenJEL423_SC07	1398854	121541589	86.89	0	614
BdenJEL423_SC07_region	1398854	121541589	86.89	0	614
BdenJEL423_SC08	1069847	92832772	86.77	0	1487
BdenJEL423_SC08_region	1069847	92832772	86.77	0	1487
BdenJEL423_SC09	1057463	78896372	74.61	0	317
BdenJEL423_SC09_region	1057463	78896372	74.61	0	317
BdenJEL423_SC10	1012305	89631872	88.54	0	383
BdenJEL423_SC10_region	1012305	89631872	88.54	0	383
BdenJEL423_SC11	979369	83367581	85.12	0	776
BdenJEL423_SC11_region	979369	83367581	85.12	0	776
BdenJEL423_SC12	937107	77623737	82.83	0	313
BdenJEL423_SC12_region	937107	77623737	82.83	0	313
BdenJEL423_SC13	898261	82925526	92.32	0	2145
BdenJEL423_SC13_region	898261	82925526	92.32	0	2145
BdenJEL423_SC14	857155	133735679	156.02	0	3515
BdenJEL423_SC14_region	857155	133735679	156.02	0	3515
BdenJEL423_SC15	557602	50128623	89.90	0	525
BdenJEL423_SC15_region	557602	50128623	89.90	0	525
BdenJEL423_SC16	498254	38765515	77.80	0	403
BdenJEL423_SC16_region	498254	38765515	77.80	0	403
BdenJEL423_SC17	243426	21694276	89.12	0	201
BdenJEL423_SC17_region	243426	21694276	89.12	0	201
BdenJEL423_SC18	48566	4465043	91.94	0	875
BdenJEL423_SC18_region	48566	4465043	91.94	0	875
BdenJEL423_SC19	69118	3429955	49.62	0	160
BdenJEL423_SC19_region	69118	3429955	49.62	0	160
BdenJEL423_SC20	45066	4599659	102.06	0	321
BdenJEL423_SC20_region	45066	4599659	102.06	0	321
BdenJEL423_SC21	28371	2391490	84.29	0	122
BdenJEL423_SC21_region	28371	2391490	84.29	0	122
BdenJEL423_SC22	17531	1066773	60.85	1	185
BdenJEL423_SC22_region	17531	1066773	60.85	1	185
BdenJEL423_SC23	15724	2924513	185.99	0	1093
BdenJEL423_SC23_region	15724	2924513	185.99	0	1093
BdenJEL423_SC24	15635	1046609	66.94	0	173
BdenJEL423_SC24_region	15635	1046609	66.94	0	173
BdenJEL423_SC25	13302	1147200	86.24	0	284
BdenJEL423_SC25_region	13302	1147200	86.24	0	284
BdenJEL423_SC26	12287	967551	78.75	0	233
BdenJEL423_SC26_region	12287	967551	78.75	0	233
BdenJEL423_SC27	11745	1624640	138.33	0	512
BdenJEL423_SC27_region	11745	1624640	138.33	0	512
BdenJEL423_SC28	11715	768964	65.64	0	145
BdenJEL423_SC28_region	11715	768964	65.64	0	145
BdenJEL423_SC29	10519	492221	46.79	0	115
BdenJEL423_SC29_region	10519	492221	46.79	0	115
BdenJEL423_SC30	9825	631075	64.23	0	147
BdenJEL423_SC30_region	9825	631075	64.23	0	147
BdenJEL423_SC31	9499	758044	79.80	0	254
BdenJEL423_SC31_region	9499	758044	79.80	0	254
BdenJEL423_SC32	9394	1141785	121.54	0	378
BdenJEL423_SC32_region	9394	1141785	121.54	0	378
BdenJEL423_SC33	8891	630127	70.87	0	114
BdenJEL423_SC33_region	8891	630127	70.87	0	114
BdenJEL423_SC34	8868	487690	54.99	0	125
BdenJEL423_SC34_region	8868	487690	54.99	0	125
BdenJEL423_SC35	14477	2157915	149.06	0	817
BdenJEL423_SC35_region	14477	2157915	149.06	0	817
BdenJEL423_SC36	8411	552019	65.63	0	153
BdenJEL423_SC36_region	8411	552019	65.63	0	153
BdenJEL423_SC37	8246	462461	56.08	0	136
BdenJEL423_SC37_region	8246	462461	56.08	0	136
BdenJEL423_SC38	7919	610430	77.08	0	127
BdenJEL423_SC38_region	7919	610430	77.08	0	127
BdenJEL423_SC39	7486	562894	75.19	0	190
BdenJEL423_SC39_region	7486	562894	75.19	0	190
BdenJEL423_SC40	7373	123361	16.73	0	56
BdenJEL423_SC40_region	7373	123361	16.73	0	56
BdenJEL423_SC41	7250	5298526	730.83	0	1184
BdenJEL423_SC41_region	7250	5298526	730.83	0	1184
BdenJEL423_SC42	7213	469387	65.08	0	153
BdenJEL423_SC42_region	7213	469387	65.08	0	153
BdenJEL423_SC43	7203	379938	52.75	0	142
BdenJEL423_SC43_region	7203	379938	52.75	0	142
BdenJEL423_SC44	7151	400305	55.98	0	154
BdenJEL423_SC44_region	7151	400305	55.98	0	154
BdenJEL423_SC45	7120	533384	74.91	0	157
BdenJEL423_SC45_region	7120	533384	74.91	0	157
BdenJEL423_SC46	7014	449229	64.05	0	129
BdenJEL423_SC46_region	7014	449229	64.05	0	129
BdenJEL423_SC47	6856	1117737	163.03	0	435
BdenJEL423_SC47_region	6856	1117737	163.03	0	435
BdenJEL423_SC48	6834	572250	83.74	0	135
BdenJEL423_SC48_region	6834	572250	83.74	0	135
BdenJEL423_SC49	6519	1061977	162.90	0	1016
BdenJEL423_SC49_region	6519	1061977	162.90	0	1016
BdenJEL423_SC50	6174	438426	71.01	0	150
BdenJEL423_SC50_region	6174	438426	71.01	0	150
BdenJEL423_SC51	6095	1524497	250.12	0	1688
BdenJEL423_SC51_region	6095	1524497	250.12	0	1688
BdenJEL423_SC52	6071	255919	42.15	1	83
BdenJEL423_SC52_region	6071	255919	42.15	1	83
BdenJEL423_SC53	6016	3666568	609.47	0	1832
BdenJEL423_SC53_region	6016	3666568	609.47	0	1832
BdenJEL423_SC54	5992	2216322	369.88	0	2037
BdenJEL423_SC54_region	5992	2216322	369.88	0	2037
BdenJEL423_SC55	5977	254404	42.56	0	97
BdenJEL423_SC55_region	5977	254404	42.56	0	97
BdenJEL423_SC56	5808	331237	57.03	0	252
BdenJEL423_SC56_region	5808	331237	57.03	0	252
BdenJEL423_SC57	5752	754343	131.14	0	316
BdenJEL423_SC57_region	5752	754343	131.14	0	316
BdenJEL423_SC58	8484	5795932	683.16	0	5235
BdenJEL423_SC58_region	8484	5795932	683.16	0	5235
BdenJEL423_SC59	5694	623617	109.52	0	281
BdenJEL423_SC59_region	5694	623617	109.52	0	281
BdenJEL423_SC60	5543	239072	43.13	1	115
BdenJEL423_SC60_region	5543	239072	43.13	1	115
BdenJEL423_SC61	5512	447417	81.17	0	173
BdenJEL423_SC61_region	5512	447417	81.17	0	173
BdenJEL423_SC62	5380	329195	61.19	2	150
BdenJEL423_SC62_region	5380	329195	61.19	2	150
BdenJEL423_SC63	5288	245815	46.49	0	131
BdenJEL423_SC63_region	5288	245815	46.49	0	131
BdenJEL423_SC64	5189	390279	75.21	0	139
BdenJEL423_SC64_region	5189	390279	75.21	0	139
BdenJEL423_SC65	5077	2851922	561.73	3	1803
BdenJEL423_SC65_region	5077	2851922	561.73	3	1803
BdenJEL423_SC66	4922	267500	54.35	0	153
BdenJEL423_SC66_region	4922	267500	54.35	0	153
BdenJEL423_SC67	4755	295739	62.20	0	165
BdenJEL423_SC67_region	4755	295739	62.20	0	165
BdenJEL423_SC68	4529	4572614	1009.63	3	2752
BdenJEL423_SC68_region	4529	4572614	1009.63	3	2752
BdenJEL423_SC69	2608	1996536	765.54	0	1907
BdenJEL423_SC69_region	2608	1996536	765.54	0	1907
BdenJEL423_mito	175284	109613251	625.35	0	1164
BdenJEL423_mito_region	175284	109613251	625.35	0	1164
total	23897668	2269286432	94.96	0	5235
total_region	23897668	2269286432	94.96	0	5235
