chrom	length	bases	mean	min	max
BdenJEL423_SC01	4440149	375259853	84.52	0	1238
BdenJEL423_SC01_region	4440149	375259853	84.52	0	1238
BdenJEL423_SC02	2313122	206498909	89.27	0	3588
BdenJEL423_SC02_region	2313122	206498909	89.27	0	3588
BdenJEL423_SC03	1829408	164005533	89.65	0	2263
BdenJEL423_SC03_region	1829408	164005533	89.65	0	2263
BdenJEL423_SC04	1803316	149792327	83.06	0	332
BdenJEL423_SC04_region	1803316	149792327	83.06	0	332
BdenJEL423_SC05	1707251	144121737	84.42	0	1499
BdenJEL423_SC05_region	1707251	144121737	84.42	0	1499
BdenJEL423_SC06	1545501	140061110	90.63	0	2971
BdenJEL423_SC06_region	1545501	140061110	90.63	0	2971
BdenJEL423_SC07	1398854	119900624	85.71	0	754
BdenJEL423_SC07_region	1398854	119900624	85.71	0	754
BdenJEL423_SC08	1069847	92554590	86.51	0	2094
BdenJEL423_SC08_region	1069847	92554590	86.51	0	2094
BdenJEL423_SC09	1057463	87888613	83.11	0	339
BdenJEL423_SC09_region	1057463	87888613	83.11	0	339
BdenJEL423_SC10	1012305	85452000	84.41	0	1097
BdenJEL423_SC10_region	1012305	85452000	84.41	0	1097
BdenJEL423_SC11	979369	82101597	83.83	0	759
BdenJEL423_SC11_region	979369	82101597	83.83	0	759
BdenJEL423_SC12	937107	80584395	85.99	0	357
BdenJEL423_SC12_region	937107	80584395	85.99	0	357
BdenJEL423_SC13	898261	82953199	92.35	0	1766
BdenJEL423_SC13_region	898261	82953199	92.35	0	1766
BdenJEL423_SC14	857155	176617803	206.05	0	11966
BdenJEL423_SC14_region	857155	176617803	206.05	0	11966
BdenJEL423_SC15	557602	47884891	85.88	0	304
BdenJEL423_SC15_region	557602	47884891	85.88	0	304
BdenJEL423_SC16	498254	42040543	84.38	0	336
BdenJEL423_SC16_region	498254	42040543	84.38	0	336
BdenJEL423_SC17	243426	18923160	77.74	0	183
BdenJEL423_SC17_region	243426	18923160	77.74	0	183
BdenJEL423_SC18	48566	4409737	90.80	0	1341
BdenJEL423_SC18_region	48566	4409737	90.80	0	1341
BdenJEL423_SC19	69118	3584956	51.87	0	170
BdenJEL423_SC19_region	69118	3584956	51.87	0	170
BdenJEL423_SC20	45066	3895944	86.45	0	346
BdenJEL423_SC20_region	45066	3895944	86.45	0	346
BdenJEL423_SC21	28371	2376523	83.77	0	142
BdenJEL423_SC21_region	28371	2376523	83.77	0	142
BdenJEL423_SC22	17531	1263902	72.10	1	196
BdenJEL423_SC22_region	17531	1263902	72.10	1	196
BdenJEL423_SC23	15724	3791461	241.13	0	2949
BdenJEL423_SC23_region	15724	3791461	241.13	0	2949
BdenJEL423_SC24	15635	1131713	72.38	0	243
BdenJEL423_SC24_region	15635	1131713	72.38	0	243
BdenJEL423_SC25	13302	1087734	81.77	0	282
BdenJEL423_SC25_region	13302	1087734	81.77	0	282
BdenJEL423_SC26	12287	863959	70.31	0	151
BdenJEL423_SC26_region	12287	863959	70.31	0	151
BdenJEL423_SC27	11745	1602963	136.48	0	615
BdenJEL423_SC27_region	11745	1602963	136.48	0	615
BdenJEL423_SC28	11715	895573	76.45	0	185
BdenJEL423_SC28_region	11715	895573	76.45	0	185
BdenJEL423_SC29	10519	549139	52.20	0	167
BdenJEL423_SC29_region	10519	549139	52.20	0	167
BdenJEL423_SC30	9825	605198	61.60	0	149
BdenJEL423_SC30_region	9825	605198	61.60	0	149
BdenJEL423_SC31	9499	768797	80.93	0	154
BdenJEL423_SC31_region	9499	768797	80.93	0	154
BdenJEL423_SC32	9394	1383199	147.24	0	674
BdenJEL423_SC32_region	9394	1383199	147.24	0	674
BdenJEL423_SC33	8891	579032	65.13	0	132
BdenJEL423_SC33_region	8891	579032	65.13	0	132
BdenJEL423_SC34	8868	552703	62.33	0	137
BdenJEL423_SC34_region	8868	552703	62.33	0	137
BdenJEL423_SC35	14477	4179959	288.73	0	3361
BdenJEL423_SC35_region	14477	4179959	288.73	0	3361
BdenJEL423_SC36	8411	436924	51.95	0	150
BdenJEL423_SC36_region	8411	436924	51.95	0	150
BdenJEL423_SC37	8246	462586	56.10	0	127
BdenJEL423_SC37_region	8246	462586	56.10	0	127
BdenJEL423_SC38	7919	577748	72.96	0	125
BdenJEL423_SC38_region	7919	577748	72.96	0	125
BdenJEL423_SC39	7486	738418	98.64	0	288
BdenJEL423_SC39_region	7486	738418	98.64	0	288
BdenJEL423_SC40	7373	276477	37.50	0	64
BdenJEL423_SC40_region	7373	276477	37.50	0	64
BdenJEL423_SC41	7250	6827584	941.74	0	1819
BdenJEL423_SC41_region	7250	6827584	941.74	0	1819
BdenJEL423_SC42	7213	632489	87.69	0	173
BdenJEL423_SC42_region	7213	632489	87.69	0	173
BdenJEL423_SC43	7203	389677	54.10	1	124
BdenJEL423_SC43_region	7203	389677	54.10	1	124
BdenJEL423_SC44	7151	351925	49.21	0	163
BdenJEL423_SC44_region	7151	351925	49.21	0	163
BdenJEL423_SC45	7120	490803	68.93	0	143
BdenJEL423_SC45_region	7120	490803	68.93	0	143
BdenJEL423_SC46	7014	466389	66.49	0	142
BdenJEL423_SC46_region	7014	466389	66.49	0	142
BdenJEL423_SC47	6856	1233711	179.95	0	672
BdenJEL423_SC47_region	6856	1233711	179.95	0	672
BdenJEL423_SC48	6834	601945	88.08	0	166
BdenJEL423_SC48_region	6834	601945	88.08	0	166
BdenJEL423_SC49	6519	1552143	238.10	0	2079
BdenJEL423_SC49_region	6519	1552143	238.10	0	2079
BdenJEL423_SC50	6174	517216	83.77	0	159
BdenJEL423_SC50_region	6174	517216	83.77	0	159
BdenJEL423_SC51	6095	2018086	331.11	0	2553
BdenJEL423_SC51_region	6095	2018086	331.11	0	2553
BdenJEL423_SC52	6071	302766	49.87	8	85
BdenJEL423_SC52_region	6071	302766	49.87	8	85
BdenJEL423_SC53	6016	4876166	810.53	0	2482
BdenJEL423_SC53_region	6016	4876166	810.53	0	2482
BdenJEL423_SC54	5992	3478959	580.60	0	3604
BdenJEL423_SC54_region	5992	3478959	580.60	0	3604
BdenJEL423_SC55	5977	271608	45.44	0	101
BdenJEL423_SC55_region	5977	271608	45.44	0	101
BdenJEL423_SC56	5808	596232	102.66	0	293
BdenJEL423_SC56_region	5808	596232	102.66	0	293
BdenJEL423_SC57	5752	702676	122.16	0	364
BdenJEL423_SC57_region	5752	702676	122.16	0	364
BdenJEL423_SC58	8484	5413396	638.07	0	4715
BdenJEL423_SC58_region	8484	5413396	638.07	0	4715
BdenJEL423_SC59	5694	674510	118.46	2	298
BdenJEL423_SC59_region	5694	674510	118.46	2	298
BdenJEL423_SC60	5543	379262	68.42	1	152
BdenJEL423_SC60_region	5543	379262	68.42	1	152
BdenJEL423_SC61	5512	238410	43.25	0	171
BdenJEL423_SC61_region	5512	238410	43.25	0	171
BdenJEL423_SC62	5380	325692	60.54	3	144
BdenJEL423_SC62_region	5380	325692	60.54	3	144
BdenJEL423_SC63	5288	245173	46.36	0	145
BdenJEL423_SC63_region	5288	245173	46.36	0	145
BdenJEL423_SC64	5189	401437	77.36	0	168
BdenJEL423_SC64_region	5189	401437	77.36	0	168
BdenJEL423_SC65	5077	3366308	663.05	4	1892
BdenJEL423_SC65_region	5077	3366308	663.05	4	1892
BdenJEL423_SC66	4922	277768	56.43	1	124
BdenJEL423_SC66_region	4922	277768	56.43	1	124
BdenJEL423_SC67	4755	272900	57.39	0	145
BdenJEL423_SC67_region	4755	272900	57.39	0	145
BdenJEL423_SC68	4529	9482743	2093.78	15	5917
BdenJEL423_SC68_region	4529	9482743	2093.78	15	5917
BdenJEL423_SC69	2608	1780209	682.60	0	1669
BdenJEL423_SC69_region	2608	1780209	682.60	0	1669
BdenJEL423_mito	175284	165417489	943.71	0	2055
BdenJEL423_mito_region	175284	165417489	943.71	0	2055
total	23897668	2346241201	98.18	0	11966
total_region	23897668	2346241201	98.18	0	11966
