chrom	length	bases	mean	min	max
BdenJEL423_SC01	4440149	374077945	84.25	0	1079
BdenJEL423_SC01_region	4440149	374077945	84.25	0	1079
BdenJEL423_SC02	2313122	208422267	90.10	0	4366
BdenJEL423_SC02_region	2313122	208422267	90.10	0	4366
BdenJEL423_SC03	1829408	157683231	86.19	0	3135
BdenJEL423_SC03_region	1829408	157683231	86.19	0	3135
BdenJEL423_SC04	1803316	153150339	84.93	0	600
BdenJEL423_SC04_region	1803316	153150339	84.93	0	600
BdenJEL423_SC05	1707251	273402081	160.14	0	2176
BdenJEL423_SC05_region	1707251	273402081	160.14	0	2176
BdenJEL423_SC06	1545501	137167012	88.75	0	4434
BdenJEL423_SC06_region	1545501	137167012	88.75	0	4434
BdenJEL423_SC07	1398854	121323053	86.73	0	4181
BdenJEL423_SC07_region	1398854	121323053	86.73	0	4181
BdenJEL423_SC08	1069847	93908369	87.78	0	4036
BdenJEL423_SC08_region	1069847	93908369	87.78	0	4036
BdenJEL423_SC09	1057463	86464603	81.77	0	620
BdenJEL423_SC09_region	1057463	86464603	81.77	0	620
BdenJEL423_SC10	1012305	89428567	88.34	0	3105
BdenJEL423_SC10_region	1012305	89428567	88.34	0	3105
BdenJEL423_SC11	979369	82657833	84.40	0	618
BdenJEL423_SC11_region	979369	82657833	84.40	0	618
BdenJEL423_SC12	937107	76692949	81.84	0	695
BdenJEL423_SC12_region	937107	76692949	81.84	0	695
BdenJEL423_SC13	898261	83719597	93.20	0	2105
BdenJEL423_SC13_region	898261	83719597	93.20	0	2105
BdenJEL423_SC14	857155	122032913	142.37	0	3788
BdenJEL423_SC14_region	857155	122032913	142.37	0	3788
BdenJEL423_SC15	557602	49745523	89.21	0	2311
BdenJEL423_SC15_region	557602	49745523	89.21	0	2311
BdenJEL423_SC16	498254	43188343	86.68	0	3481
BdenJEL423_SC16_region	498254	43188343	86.68	0	3481
BdenJEL423_SC17	243426	19059981	78.30	0	412
BdenJEL423_SC17_region	243426	19059981	78.30	0	412
BdenJEL423_SC18	48566	5729524	117.97	0	2276
BdenJEL423_SC18_region	48566	5729524	117.97	0	2276
BdenJEL423_SC19	69118	3732655	54.00	0	625
BdenJEL423_SC19_region	69118	3732655	54.00	0	625
BdenJEL423_SC20	45066	4566367	101.33	0	733
BdenJEL423_SC20_region	45066	4566367	101.33	0	733
BdenJEL423_SC21	28371	2295452	80.91	0	159
BdenJEL423_SC21_region	28371	2295452	80.91	0	159
BdenJEL423_SC22	17531	1090482	62.20	0	435
BdenJEL423_SC22_region	17531	1090482	62.20	0	435
BdenJEL423_SC23	15724	3114091	198.05	0	1467
BdenJEL423_SC23_region	15724	3114091	198.05	0	1467
BdenJEL423_SC24	15635	1097886	70.22	0	347
BdenJEL423_SC24_region	15635	1097886	70.22	0	347
BdenJEL423_SC25	13302	1584030	119.08	0	626
BdenJEL423_SC25_region	13302	1584030	119.08	0	626
BdenJEL423_SC26	12287	1143105	93.03	0	302
BdenJEL423_SC26_region	12287	1143105	93.03	0	302
BdenJEL423_SC27	11745	2505723	213.34	0	2373
BdenJEL423_SC27_region	11745	2505723	213.34	0	2373
BdenJEL423_SC28	11715	810379	69.17	0	226
BdenJEL423_SC28_region	11715	810379	69.17	0	226
BdenJEL423_SC29	10519	692265	65.81	0	486
BdenJEL423_SC29_region	10519	692265	65.81	0	486
BdenJEL423_SC30	9825	943152	96.00	0	378
BdenJEL423_SC30_region	9825	943152	96.00	0	378
BdenJEL423_SC31	9499	556670	58.60	0	344
BdenJEL423_SC31_region	9499	556670	58.60	0	344
BdenJEL423_SC32	9394	2258469	240.42	0	2776
BdenJEL423_SC32_region	9394	2258469	240.42	0	2776
BdenJEL423_SC33	8891	1155767	129.99	0	321
BdenJEL423_SC33_region	8891	1155767	129.99	0	321
BdenJEL423_SC34	8868	775927	87.50	0	362
BdenJEL423_SC34_region	8868	775927	87.50	0	362
BdenJEL423_SC35	14477	2690421	185.84	0	3723
BdenJEL423_SC35_region	14477	2690421	185.84	0	3723
BdenJEL423_SC36	8411	646385	76.85	0	339
BdenJEL423_SC36_region	8411	646385	76.85	0	339
BdenJEL423_SC37	8246	516634	62.65	0	396
BdenJEL423_SC37_region	8246	516634	62.65	0	396
BdenJEL423_SC38	7919	708413	89.46	0	339
BdenJEL423_SC38_region	7919	708413	89.46	0	339
BdenJEL423_SC39	7486	2150398	287.26	0	6687
BdenJEL423_SC39_region	7486	2150398	287.26	0	6687
BdenJEL423_SC40	7373	265935	36.07	0	159
BdenJEL423_SC40_region	7373	265935	36.07	0	159
BdenJEL423_SC41	7250	3732834	514.87	0	1464
BdenJEL423_SC41_region	7250	3732834	514.87	0	1464
BdenJEL423_SC42	7213	436439	60.51	0	191
BdenJEL423_SC42_region	7213	436439	60.51	0	191
BdenJEL423_SC43	7203	297396	41.29	0	191
BdenJEL423_SC43_region	7203	297396	41.29	0	191
BdenJEL423_SC44	7151	740619	103.57	0	835
BdenJEL423_SC44_region	7151	740619	103.57	0	835
BdenJEL423_SC45	7120	754755	106.00	0	449
BdenJEL423_SC45_region	7120	754755	106.00	0	449
BdenJEL423_SC46	7014	364282	51.94	0	285
BdenJEL423_SC46_region	7014	364282	51.94	0	285
BdenJEL423_SC47	6856	2101583	306.53	0	2724
BdenJEL423_SC47_region	6856	2101583	306.53	0	2724
BdenJEL423_SC48	6834	797125	116.64	0	359
BdenJEL423_SC48_region	6834	797125	116.64	0	359
BdenJEL423_SC49	6519	2543812	390.22	0	3571
BdenJEL423_SC49_region	6519	2543812	390.22	0	3571
BdenJEL423_SC50	6174	321550	52.08	0	402
BdenJEL423_SC50_region	6174	321550	52.08	0	402
BdenJEL423_SC51	6095	2573266	422.19	0	3811
BdenJEL423_SC51_region	6095	2573266	422.19	0	3811
BdenJEL423_SC52	6071	486276	80.10	0	295
BdenJEL423_SC52_region	6071	486276	80.10	0	295
BdenJEL423_SC53	6016	1818162	302.22	0	2615
BdenJEL423_SC53_region	6016	1818162	302.22	0	2615
BdenJEL423_SC54	5992	5010227	836.15	0	5163
BdenJEL423_SC54_region	5992	5010227	836.15	0	5163
BdenJEL423_SC55	5977	291673	48.80	0	185
BdenJEL423_SC55_region	5977	291673	48.80	0	185
BdenJEL423_SC56	5808	447200	77.00	0	404
BdenJEL423_SC56_region	5808	447200	77.00	0	404
BdenJEL423_SC57	5752	1810047	314.68	0	1930
BdenJEL423_SC57_region	5752	1810047	314.68	0	1930
BdenJEL423_SC58	8484	5936027	699.67	0	4525
BdenJEL423_SC58_region	8484	5936027	699.67	0	4525
BdenJEL423_SC59	5694	854754	150.11	0	547
BdenJEL423_SC59_region	5694	854754	150.11	0	547
BdenJEL423_SC60	5543	346509	62.51	0	137
BdenJEL423_SC60_region	5543	346509	62.51	0	137
BdenJEL423_SC61	5512	476615	86.47	0	383
BdenJEL423_SC61_region	5512	476615	86.47	0	383
BdenJEL423_SC62	5380	432735	80.43	0	506
BdenJEL423_SC62_region	5380	432735	80.43	0	506
BdenJEL423_SC63	5288	232403	43.95	0	254
BdenJEL423_SC63_region	5288	232403	43.95	0	254
BdenJEL423_SC64	5189	465764	89.76	0	211
BdenJEL423_SC64_region	5189	465764	89.76	0	211
BdenJEL423_SC65	5077	3767063	741.99	0	2818
BdenJEL423_SC65_region	5077	3767063	741.99	0	2818
BdenJEL423_SC66	4922	330472	67.14	0	396
BdenJEL423_SC66_region	4922	330472	67.14	0	396
BdenJEL423_SC67	4755	265760	55.89	0	152
BdenJEL423_SC67_region	4755	265760	55.89	0	152
BdenJEL423_SC68	4529	1746579	385.64	0	1887
BdenJEL423_SC68_region	4529	1746579	385.64	0	1887
BdenJEL423_SC69	2608	272524	104.50	0	825
BdenJEL423_SC69_region	2608	272524	104.50	0	825
BdenJEL423_mito	175284	136717597	779.98	0	2080
BdenJEL423_mito_region	175284	136717597	779.98	0	2080
total	23897668	2389526784	99.99	0	6687
total_region	23897668	2389526784	99.99	0	6687
