chrom	length	bases	mean	min	max
BdenJEL423_SC01	4440149	194162240	43.73	0	288
BdenJEL423_SC01_region	4440149	194162240	43.73	0	288
BdenJEL423_SC02	2313122	121839950	52.67	0	704
BdenJEL423_SC02_region	2313122	121839950	52.67	0	704
BdenJEL423_SC03	1829408	88198640	48.21	0	806
BdenJEL423_SC03_region	1829408	88198640	48.21	0	806
BdenJEL423_SC04	1803316	78790370	43.69	0	175
BdenJEL423_SC04_region	1803316	78790370	43.69	0	175
BdenJEL423_SC05	1707251	72835807	42.66	0	869
BdenJEL423_SC05_region	1707251	72835807	42.66	0	869
BdenJEL423_SC06	1545501	69876800	45.21	0	975
BdenJEL423_SC06_region	1545501	69876800	45.21	0	975
BdenJEL423_SC07	1398854	66702288	47.68	0	326
BdenJEL423_SC07_region	1398854	66702288	47.68	0	326
BdenJEL423_SC08	1069847	47509922	44.41	0	569
BdenJEL423_SC08_region	1069847	47509922	44.41	0	569
BdenJEL423_SC09	1057463	45492269	43.02	0	201
BdenJEL423_SC09_region	1057463	45492269	43.02	0	201
BdenJEL423_SC10	1012305	44104610	43.57	0	198
BdenJEL423_SC10_region	1012305	44104610	43.57	0	198
BdenJEL423_SC11	979369	39878389	40.72	0	354
BdenJEL423_SC11_region	979369	39878389	40.72	0	354
BdenJEL423_SC12	937107	39915363	42.59	0	170
BdenJEL423_SC12_region	937107	39915363	42.59	0	170
BdenJEL423_SC13	898261	41255058	45.93	0	1105
BdenJEL423_SC13_region	898261	41255058	45.93	0	1105
BdenJEL423_SC14	857155	65736492	76.69	0	1761
BdenJEL423_SC14_region	857155	65736492	76.69	0	1761
BdenJEL423_SC15	557602	25914078	46.47	0	358
BdenJEL423_SC15_region	557602	25914078	46.47	0	358
BdenJEL423_SC16	498254	21514826	43.18	0	231
BdenJEL423_SC16_region	498254	21514826	43.18	0	231
BdenJEL423_SC17	243426	11533474	47.38	0	121
BdenJEL423_SC17_region	243426	11533474	47.38	0	121
BdenJEL423_SC18	48566	2637411	54.31	0	381
BdenJEL423_SC18_region	48566	2637411	54.31	0	381
BdenJEL423_SC19	69118	1800021	26.04	0	101
BdenJEL423_SC19_region	69118	1800021	26.04	0	101
BdenJEL423_SC20	45066	2467871	54.76	0	193
BdenJEL423_SC20_region	45066	2467871	54.76	0	193
BdenJEL423_SC21	28371	1169388	41.22	0	71
BdenJEL423_SC21_region	28371	1169388	41.22	0	71
BdenJEL423_SC22	17531	513530	29.29	0	98
BdenJEL423_SC22_region	17531	513530	29.29	0	98
BdenJEL423_SC23	15724	1452296	92.36	0	558
BdenJEL423_SC23_region	15724	1452296	92.36	0	558
BdenJEL423_SC24	15635	590898	37.79	0	108
BdenJEL423_SC24_region	15635	590898	37.79	0	108
BdenJEL423_SC25	13302	600544	45.15	0	221
BdenJEL423_SC25_region	13302	600544	45.15	0	221
BdenJEL423_SC26	12287	539560	43.91	0	117
BdenJEL423_SC26_region	12287	539560	43.91	0	117
BdenJEL423_SC27	11745	949617	80.85	0	296
BdenJEL423_SC27_region	11745	949617	80.85	0	296
BdenJEL423_SC28	11715	477986	40.80	0	90
BdenJEL423_SC28_region	11715	477986	40.80	0	90
BdenJEL423_SC29	10519	286730	27.26	0	56
BdenJEL423_SC29_region	10519	286730	27.26	0	56
BdenJEL423_SC30	9825	293523	29.88	0	64
BdenJEL423_SC30_region	9825	293523	29.88	0	64
BdenJEL423_SC31	9499	409949	43.16	0	102
BdenJEL423_SC31_region	9499	409949	43.16	0	102
BdenJEL423_SC32	9394	676556	72.02	0	290
BdenJEL423_SC32_region	9394	676556	72.02	0	290
BdenJEL423_SC33	8891	298290	33.55	0	62
BdenJEL423_SC33_region	8891	298290	33.55	0	62
BdenJEL423_SC34	8868	256080	28.88	0	72
BdenJEL423_SC34_region	8868	256080	28.88	0	72
BdenJEL423_SC35	14477	1428357	98.66	0	606
BdenJEL423_SC35_region	14477	1428357	98.66	0	606
BdenJEL423_SC36	8411	314862	37.43	0	87
BdenJEL423_SC36_region	8411	314862	37.43	0	87
BdenJEL423_SC37	8246	328275	39.81	0	78
BdenJEL423_SC37_region	8246	328275	39.81	0	78
BdenJEL423_SC38	7919	323573	40.86	0	73
BdenJEL423_SC38_region	7919	323573	40.86	0	73
BdenJEL423_SC39	7486	334343	44.66	0	123
BdenJEL423_SC39_region	7486	334343	44.66	0	123
BdenJEL423_SC40	7373	145674	19.76	0	40
BdenJEL423_SC40_region	7373	145674	19.76	0	40
BdenJEL423_SC41	7250	6920650	954.57	3	1346
BdenJEL423_SC41_region	7250	6920650	954.57	3	1346
BdenJEL423_SC42	7213	260905	36.17	0	92
BdenJEL423_SC42_region	7213	260905	36.17	0	92
BdenJEL423_SC43	7203	229064	31.80	0	68
BdenJEL423_SC43_region	7203	229064	31.80	0	68
BdenJEL423_SC44	7151	241029	33.71	0	85
BdenJEL423_SC44_region	7151	241029	33.71	0	85
BdenJEL423_SC45	7120	230870	32.43	0	78
BdenJEL423_SC45_region	7120	230870	32.43	0	78
BdenJEL423_SC46	7014	266628	38.01	0	78
BdenJEL423_SC46_region	7014	266628	38.01	0	78
BdenJEL423_SC47	6856	632096	92.20	0	252
BdenJEL423_SC47_region	6856	632096	92.20	0	252
BdenJEL423_SC48	6834	344797	50.45	0	84
BdenJEL423_SC48_region	6834	344797	50.45	0	84
BdenJEL423_SC49	6519	561364	86.11	0	378
BdenJEL423_SC49_region	6519	561364	86.11	0	378
BdenJEL423_SC50	6174	248535	40.26	0	78
BdenJEL423_SC50_region	6174	248535	40.26	0	78
BdenJEL423_SC51	6095	832935	136.66	0	631
BdenJEL423_SC51_region	6095	832935	136.66	0	631
BdenJEL423_SC52	6071	59086	9.73	0	48
BdenJEL423_SC52_region	6071	59086	9.73	0	48
BdenJEL423_SC53	6016	1171442	194.72	0	537
BdenJEL423_SC53_region	6016	1171442	194.72	0	537
BdenJEL423_SC54	5992	1366866	228.12	0	741
BdenJEL423_SC54_region	5992	1366866	228.12	0	741
BdenJEL423_SC55	5977	151386	25.33	0	56
BdenJEL423_SC55_region	5977	151386	25.33	0	56
BdenJEL423_SC56	5808	222378	38.29	0	155
BdenJEL423_SC56_region	5808	222378	38.29	0	155
BdenJEL423_SC57	5752	590052	102.58	0	409
BdenJEL423_SC57_region	5752	590052	102.58	0	409
BdenJEL423_SC58	8484	3072163	362.11	0	2776
BdenJEL423_SC58_region	8484	3072163	362.11	0	2776
BdenJEL423_SC59	5694	352165	61.85	1	149
BdenJEL423_SC59_region	5694	352165	61.85	1	149
BdenJEL423_SC60	5543	135285	24.41	0	67
BdenJEL423_SC60_region	5543	135285	24.41	0	67
BdenJEL423_SC61	5512	205472	37.28	0	81
BdenJEL423_SC61_region	5512	205472	37.28	0	81
BdenJEL423_SC62	5380	145534	27.05	0	64
BdenJEL423_SC62_region	5380	145534	27.05	0	64
BdenJEL423_SC63	5288	107085	20.25	0	55
BdenJEL423_SC63_region	5288	107085	20.25	0	55
BdenJEL423_SC64	5189	181672	35.01	0	77
BdenJEL423_SC64_region	5189	181672	35.01	0	77
BdenJEL423_SC65	5077	1529085	301.18	3	962
BdenJEL423_SC65_region	5077	1529085	301.18	3	962
BdenJEL423_SC66	4922	151921	30.87	0	76
BdenJEL423_SC66_region	4922	151921	30.87	0	76
BdenJEL423_SC67	4755	151251	31.81	0	85
BdenJEL423_SC67_region	4755	151251	31.81	0	85
BdenJEL423_SC68	4529	1395339	308.09	2	800
BdenJEL423_SC68_region	4529	1395339	308.09	2	800
BdenJEL423_SC69	2608	757344	290.39	0	606
BdenJEL423_SC69_region	2608	757344	290.39	0	606
BdenJEL423_mito	175284	107144622	611.26	0	1191
BdenJEL423_mito_region	175284	107144622	611.26	0	1191
total	23897668	1223214931	51.19	0	2776
total_region	23897668	1223214931	51.19	0	2776
