chrom	length	bases	mean	min	max
BdenJEL423_SC01	4440149	182615948	41.13	0	235
BdenJEL423_SC01_region	4440149	182615948	41.13	0	235
BdenJEL423_SC02	2313122	115075293	49.75	0	695
BdenJEL423_SC02_region	2313122	115075293	49.75	0	695
BdenJEL423_SC03	1829408	102664386	56.12	0	814
BdenJEL423_SC03_region	1829408	102664386	56.12	0	814
BdenJEL423_SC04	1803316	78389835	43.47	0	170
BdenJEL423_SC04_region	1803316	78389835	43.47	0	170
BdenJEL423_SC05	1707251	77828434	45.59	0	819
BdenJEL423_SC05_region	1707251	77828434	45.59	0	819
BdenJEL423_SC06	1545501	64113316	41.48	0	961
BdenJEL423_SC06_region	1545501	64113316	41.48	0	961
BdenJEL423_SC07	1398854	61023923	43.62	0	378
BdenJEL423_SC07_region	1398854	61023923	43.62	0	378
BdenJEL423_SC08	1069847	49183006	45.97	0	520
BdenJEL423_SC08_region	1069847	49183006	45.97	0	520
BdenJEL423_SC09	1057463	42197030	39.90	0	196
BdenJEL423_SC09_region	1057463	42197030	39.90	0	196
BdenJEL423_SC10	1012305	40771696	40.28	0	193
BdenJEL423_SC10_region	1012305	40771696	40.28	0	193
BdenJEL423_SC11	979369	38119598	38.92	0	376
BdenJEL423_SC11_region	979369	38119598	38.92	0	376
BdenJEL423_SC12	937107	37338185	39.84	0	161
BdenJEL423_SC12_region	937107	37338185	39.84	0	161
BdenJEL423_SC13	898261	50230043	55.92	0	1200
BdenJEL423_SC13_region	898261	50230043	55.92	0	1200
BdenJEL423_SC14	857155	66141436	77.16	0	1856
BdenJEL423_SC14_region	857155	66141436	77.16	0	1856
BdenJEL423_SC15	557602	23396664	41.96	0	306
BdenJEL423_SC15_region	557602	23396664	41.96	0	306
BdenJEL423_SC16	498254	19669688	39.48	0	227
BdenJEL423_SC16_region	498254	19669688	39.48	0	227
BdenJEL423_SC17	243426	10645984	43.73	0	126
BdenJEL423_SC17_region	243426	10645984	43.73	0	126
BdenJEL423_SC18	48566	2665829	54.89	0	443
BdenJEL423_SC18_region	48566	2665829	54.89	0	443
BdenJEL423_SC19	69118	1849349	26.76	0	105
BdenJEL423_SC19_region	69118	1849349	26.76	0	105
BdenJEL423_SC20	45066	2458258	54.55	0	194
BdenJEL423_SC20_region	45066	2458258	54.55	0	194
BdenJEL423_SC21	28371	1470067	51.82	0	92
BdenJEL423_SC21_region	28371	1470067	51.82	0	92
BdenJEL423_SC22	17531	521864	29.77	0	90
BdenJEL423_SC22_region	17531	521864	29.77	0	90
BdenJEL423_SC23	15724	1492326	94.91	0	525
BdenJEL423_SC23_region	15724	1492326	94.91	0	525
BdenJEL423_SC24	15635	605955	38.76	0	118
BdenJEL423_SC24_region	15635	605955	38.76	0	118
BdenJEL423_SC25	13302	565240	42.49	0	184
BdenJEL423_SC25_region	13302	565240	42.49	0	184
BdenJEL423_SC26	12287	534683	43.52	0	121
BdenJEL423_SC26_region	12287	534683	43.52	0	121
BdenJEL423_SC27	11745	1007600	85.79	0	428
BdenJEL423_SC27_region	11745	1007600	85.79	0	428
BdenJEL423_SC28	11715	428272	36.56	0	88
BdenJEL423_SC28_region	11715	428272	36.56	0	88
BdenJEL423_SC29	10519	256021	24.34	0	59
BdenJEL423_SC29_region	10519	256021	24.34	0	59
BdenJEL423_SC30	9825	280010	28.50	0	62
BdenJEL423_SC30_region	9825	280010	28.50	0	62
BdenJEL423_SC31	9499	401118	42.23	0	94
BdenJEL423_SC31_region	9499	401118	42.23	0	94
BdenJEL423_SC32	9394	755910	80.47	0	391
BdenJEL423_SC32_region	9394	755910	80.47	0	391
BdenJEL423_SC33	8891	327042	36.78	0	69
BdenJEL423_SC33_region	8891	327042	36.78	0	69
BdenJEL423_SC34	8868	265746	29.97	0	66
BdenJEL423_SC34_region	8868	265746	29.97	0	66
BdenJEL423_SC35	14477	1558398	107.65	0	705
BdenJEL423_SC35_region	14477	1558398	107.65	0	705
BdenJEL423_SC36	8411	289849	34.46	0	81
BdenJEL423_SC36_region	8411	289849	34.46	0	81
BdenJEL423_SC37	8246	301500	36.56	0	82
BdenJEL423_SC37_region	8246	301500	36.56	0	82
BdenJEL423_SC38	7919	289875	36.61	0	64
BdenJEL423_SC38_region	7919	289875	36.61	0	64
BdenJEL423_SC39	7486	334968	44.75	0	145
BdenJEL423_SC39_region	7486	334968	44.75	0	145
BdenJEL423_SC40	7373	187112	25.38	0	42
BdenJEL423_SC40_region	7373	187112	25.38	0	42
BdenJEL423_SC41	7250	7069849	975.15	4	1353
BdenJEL423_SC41_region	7250	7069849	975.15	4	1353
BdenJEL423_SC42	7213	262453	36.39	0	84
BdenJEL423_SC42_region	7213	262453	36.39	0	84
BdenJEL423_SC43	7203	199515	27.70	0	68
BdenJEL423_SC43_region	7203	199515	27.70	0	68
BdenJEL423_SC44	7151	208128	29.10	0	87
BdenJEL423_SC44_region	7151	208128	29.10	0	87
BdenJEL423_SC45	7120	255781	35.92	0	74
BdenJEL423_SC45_region	7120	255781	35.92	0	74
BdenJEL423_SC46	7014	236127	33.67	0	70
BdenJEL423_SC46_region	7014	236127	33.67	0	70
BdenJEL423_SC47	6856	661014	96.41	0	238
BdenJEL423_SC47_region	6856	661014	96.41	0	238
BdenJEL423_SC48	6834	314898	46.08	0	88
BdenJEL423_SC48_region	6834	314898	46.08	0	88
BdenJEL423_SC49	6519	584466	89.66	0	336
BdenJEL423_SC49_region	6519	584466	89.66	0	336
BdenJEL423_SC50	6174	231425	37.48	0	77
BdenJEL423_SC50_region	6174	231425	37.48	0	77
BdenJEL423_SC51	6095	903588	148.25	0	488
BdenJEL423_SC51_region	6095	903588	148.25	0	488
BdenJEL423_SC52	6071	55568	9.15	0	48
BdenJEL423_SC52_region	6071	55568	9.15	0	48
BdenJEL423_SC53	6016	1027229	170.75	0	443
BdenJEL423_SC53_region	6016	1027229	170.75	0	443
BdenJEL423_SC54	5992	1479575	246.93	0	945
BdenJEL423_SC54_region	5992	1479575	246.93	0	945
BdenJEL423_SC55	5977	142007	23.76	0	62
BdenJEL423_SC55_region	5977	142007	23.76	0	62
BdenJEL423_SC56	5808	223618	38.50	0	117
BdenJEL423_SC56_region	5808	223618	38.50	0	117
BdenJEL423_SC57	5752	683550	118.84	0	553
BdenJEL423_SC57_region	5752	683550	118.84	0	553
BdenJEL423_SC58	8484	3048139	359.28	0	2915
BdenJEL423_SC58_region	8484	3048139	359.28	0	2915
BdenJEL423_SC59	5694	331520	58.22	0	162
BdenJEL423_SC59_region	5694	331520	58.22	0	162
BdenJEL423_SC60	5543	127762	23.05	0	55
BdenJEL423_SC60_region	5543	127762	23.05	0	55
BdenJEL423_SC61	5512	205564	37.29	0	86
BdenJEL423_SC61_region	5512	205564	37.29	0	86
BdenJEL423_SC62	5380	140968	26.20	2	63
BdenJEL423_SC62_region	5380	140968	26.20	2	63
BdenJEL423_SC63	5288	107628	20.35	0	51
BdenJEL423_SC63_region	5288	107628	20.35	0	51
BdenJEL423_SC64	5189	176868	34.09	0	81
BdenJEL423_SC64_region	5189	176868	34.09	0	81
BdenJEL423_SC65	5077	1470186	289.58	1	866
BdenJEL423_SC65_region	5077	1470186	289.58	1	866
BdenJEL423_SC66	4922	165240	33.57	0	86
BdenJEL423_SC66_region	4922	165240	33.57	0	86
BdenJEL423_SC67	4755	124187	26.12	0	56
BdenJEL423_SC67_region	4755	124187	26.12	0	56
BdenJEL423_SC68	4529	1187295	262.15	0	679
BdenJEL423_SC68_region	4529	1187295	262.15	0	679
BdenJEL423_SC69	2608	693666	265.98	0	620
BdenJEL423_SC69_region	2608	693666	265.98	0	620
BdenJEL423_mito	175284	97875013	558.38	0	1165
BdenJEL423_mito_region	175284	97875013	558.38	0	1165
total	23897668	1198444284	50.15	0	2915
total_region	23897668	1198444284	50.15	0	2915
