chrom	length	bases	mean	min	max
BdenJEL423_SC01	4440149	327665473	73.80	0	759
BdenJEL423_SC01_region	4440149	327665473	73.80	0	759
BdenJEL423_SC02	2313122	181774704	78.58	0	2074
BdenJEL423_SC02_region	2313122	181774704	78.58	0	2074
BdenJEL423_SC03	1829408	146205894	79.92	0	1887
BdenJEL423_SC03_region	1829408	146205894	79.92	0	1887
BdenJEL423_SC04	1803316	134166229	74.40	0	303
BdenJEL423_SC04_region	1803316	134166229	74.40	0	303
BdenJEL423_SC05	1707251	170795887	100.04	0	1583
BdenJEL423_SC05_region	1707251	170795887	100.04	0	1583
BdenJEL423_SC06	1545501	125364137	81.12	0	1828
BdenJEL423_SC06_region	1545501	125364137	81.12	0	1828
BdenJEL423_SC07	1398854	108237736	77.38	0	519
BdenJEL423_SC07_region	1398854	108237736	77.38	0	519
BdenJEL423_SC08	1069847	83553198	78.10	0	1159
BdenJEL423_SC08_region	1069847	83553198	78.10	0	1159
BdenJEL423_SC09	1057463	79682642	75.35	0	315
BdenJEL423_SC09_region	1057463	79682642	75.35	0	315
BdenJEL423_SC10	1012305	77561700	76.62	0	718
BdenJEL423_SC10_region	1012305	77561700	76.62	0	718
BdenJEL423_SC11	979369	75475002	77.06	0	1081
BdenJEL423_SC11_region	979369	75475002	77.06	0	1081
BdenJEL423_SC12	937107	75516428	80.58	0	323
BdenJEL423_SC12_region	937107	75516428	80.58	0	323
BdenJEL423_SC13	898261	74980192	83.47	0	1818
BdenJEL423_SC13_region	898261	74980192	83.47	0	1818
BdenJEL423_SC14	857155	124254695	144.96	0	5643
BdenJEL423_SC14_region	857155	124254695	144.96	0	5643
BdenJEL423_SC15	557602	43663936	78.31	0	274
BdenJEL423_SC15_region	557602	43663936	78.31	0	274
BdenJEL423_SC16	498254	38813488	77.90	0	285
BdenJEL423_SC16_region	498254	38813488	77.90	0	285
BdenJEL423_SC17	243426	17479173	71.80	0	171
BdenJEL423_SC17_region	243426	17479173	71.80	0	171
BdenJEL423_SC18	48566	4140287	85.25	0	924
BdenJEL423_SC18_region	48566	4140287	85.25	0	924
BdenJEL423_SC19	69118	3182162	46.04	0	143
BdenJEL423_SC19_region	69118	3182162	46.04	0	143
BdenJEL423_SC20	45066	3598487	79.85	0	269
BdenJEL423_SC20_region	45066	3598487	79.85	0	269
BdenJEL423_SC21	28371	2159819	76.13	0	130
BdenJEL423_SC21_region	28371	2159819	76.13	0	130
BdenJEL423_SC22	17531	1168179	66.64	0	189
BdenJEL423_SC22_region	17531	1168179	66.64	0	189
BdenJEL423_SC23	15724	2843462	180.84	0	1640
BdenJEL423_SC23_region	15724	2843462	180.84	0	1640
BdenJEL423_SC24	15635	997566	63.80	0	192
BdenJEL423_SC24_region	15635	997566	63.80	0	192
BdenJEL423_SC25	13302	964554	72.51	0	218
BdenJEL423_SC25_region	13302	964554	72.51	0	218
BdenJEL423_SC26	12287	826455	67.26	0	140
BdenJEL423_SC26_region	12287	826455	67.26	0	140
BdenJEL423_SC27	11745	1373800	116.97	0	459
BdenJEL423_SC27_region	11745	1373800	116.97	0	459
BdenJEL423_SC28	11715	830618	70.90	0	150
BdenJEL423_SC28_region	11715	830618	70.90	0	150
BdenJEL423_SC29	10519	512945	48.76	0	163
BdenJEL423_SC29_region	10519	512945	48.76	0	163
BdenJEL423_SC30	9825	571004	58.12	0	146
BdenJEL423_SC30_region	9825	571004	58.12	0	146
BdenJEL423_SC31	9499	721912	76.00	0	178
BdenJEL423_SC31_region	9499	721912	76.00	0	178
BdenJEL423_SC32	9394	1216689	129.52	1	405
BdenJEL423_SC32_region	9394	1216689	129.52	1	405
BdenJEL423_SC33	8891	693228	77.97	0	143
BdenJEL423_SC33_region	8891	693228	77.97	0	143
BdenJEL423_SC34	8868	520555	58.70	0	136
BdenJEL423_SC34_region	8868	520555	58.70	0	136
BdenJEL423_SC35	14477	2623692	181.23	0	2007
BdenJEL423_SC35_region	14477	2623692	181.23	0	2007
BdenJEL423_SC36	8411	407536	48.45	0	129
BdenJEL423_SC36_region	8411	407536	48.45	0	129
BdenJEL423_SC37	8246	435172	52.77	0	131
BdenJEL423_SC37_region	8246	435172	52.77	0	131
BdenJEL423_SC38	7919	506472	63.96	0	117
BdenJEL423_SC38_region	7919	506472	63.96	0	117
BdenJEL423_SC39	7486	655082	87.51	0	282
BdenJEL423_SC39_region	7486	655082	87.51	0	282
BdenJEL423_SC40	7373	249580	33.85	1	58
BdenJEL423_SC40_region	7373	249580	33.85	1	58
BdenJEL423_SC41	7250	12741869	1757.50	0	3734
BdenJEL423_SC41_region	7250	12741869	1757.50	0	3734
BdenJEL423_SC42	7213	475730	65.95	0	160
BdenJEL423_SC42_region	7213	475730	65.95	0	160
BdenJEL423_SC43	7203	374731	52.02	0	126
BdenJEL423_SC43_region	7203	374731	52.02	0	126
BdenJEL423_SC44	7151	298392	41.73	0	116
BdenJEL423_SC44_region	7151	298392	41.73	0	116
BdenJEL423_SC45	7120	621696	87.32	0	207
BdenJEL423_SC45_region	7120	621696	87.32	0	207
BdenJEL423_SC46	7014	415928	59.30	0	134
BdenJEL423_SC46_region	7014	415928	59.30	0	134
BdenJEL423_SC47	6856	1059119	154.48	2	396
BdenJEL423_SC47_region	6856	1059119	154.48	2	396
BdenJEL423_SC48	6834	519183	75.97	0	147
BdenJEL423_SC48_region	6834	519183	75.97	0	147
BdenJEL423_SC49	6519	1001827	153.68	0	976
BdenJEL423_SC49_region	6519	1001827	153.68	0	976
BdenJEL423_SC50	6174	459575	74.44	0	142
BdenJEL423_SC50_region	6174	459575	74.44	0	142
BdenJEL423_SC51	6095	1394633	228.82	0	1289
BdenJEL423_SC51_region	6095	1394633	228.82	0	1289
BdenJEL423_SC52	6071	278594	45.89	1	103
BdenJEL423_SC52_region	6071	278594	45.89	1	103
BdenJEL423_SC53	6016	2540083	422.22	0	1223
BdenJEL423_SC53_region	6016	2540083	422.22	0	1223
BdenJEL423_SC54	5992	2239590	373.76	0	1878
BdenJEL423_SC54_region	5992	2239590	373.76	0	1878
BdenJEL423_SC55	5977	268611	44.94	0	108
BdenJEL423_SC55_region	5977	268611	44.94	0	108
BdenJEL423_SC56	5808	543536	93.58	0	289
BdenJEL423_SC56_region	5808	543536	93.58	0	289
BdenJEL423_SC57	5752	575803	100.10	0	274
BdenJEL423_SC57_region	5752	575803	100.10	0	274
BdenJEL423_SC58	8484	5788515	682.29	0	5358
BdenJEL423_SC58_region	8484	5788515	682.29	0	5358
BdenJEL423_SC59	5694	614997	108.01	2	271
BdenJEL423_SC59_region	5694	614997	108.01	2	271
BdenJEL423_SC60	5543	355715	64.17	0	131
BdenJEL423_SC60_region	5543	355715	64.17	0	131
BdenJEL423_SC61	5512	240814	43.69	0	154
BdenJEL423_SC61_region	5512	240814	43.69	0	154
BdenJEL423_SC62	5380	299720	55.71	1	142
BdenJEL423_SC62_region	5380	299720	55.71	1	142
BdenJEL423_SC63	5288	219850	41.58	0	115
BdenJEL423_SC63_region	5288	219850	41.58	0	115
BdenJEL423_SC64	5189	360938	69.56	0	140
BdenJEL423_SC64_region	5189	360938	69.56	0	140
BdenJEL423_SC65	5077	2732120	538.14	3	1684
BdenJEL423_SC65_region	5077	2732120	538.14	3	1684
BdenJEL423_SC66	4922	255576	51.93	1	137
BdenJEL423_SC66_region	4922	255576	51.93	1	137
BdenJEL423_SC67	4755	245926	51.72	0	129
BdenJEL423_SC67_region	4755	245926	51.72	0	129
BdenJEL423_SC68	4529	4581976	1011.70	9	2866
BdenJEL423_SC68_region	4529	4581976	1011.70	9	2866
BdenJEL423_SC69	2608	995313	381.64	0	926
BdenJEL423_SC69_region	2608	995313	381.64	0	926
BdenJEL423_mito	175284	206271528	1176.78	0	3212
BdenJEL423_mito_region	175284	206271528	1176.78	0	3212
total	23897668	2165161658	90.60	0	5643
total_region	23897668	2165161658	90.60	0	5643
