chrom	length	bases	mean	min	max
BdenJEL423_SC01	4440149	127329071	28.68	0	670
BdenJEL423_SC01_region	4440149	127329071	28.68	0	670
BdenJEL423_SC02	2313122	75160742	32.49	0	1302
BdenJEL423_SC02_region	2313122	75160742	32.49	0	1302
BdenJEL423_SC03	1829408	73053776	39.93	0	3076
BdenJEL423_SC03_region	1829408	73053776	39.93	0	3076
BdenJEL423_SC04	1803316	44784954	24.83	0	576
BdenJEL423_SC04_region	1803316	44784954	24.83	0	576
BdenJEL423_SC05	1707251	71764456	42.04	0	755
BdenJEL423_SC05_region	1707251	71764456	42.04	0	755
BdenJEL423_SC06	1545501	46719949	30.23	0	717
BdenJEL423_SC06_region	1545501	46719949	30.23	0	717
BdenJEL423_SC07	1398854	44322891	31.69	0	1277
BdenJEL423_SC07_region	1398854	44322891	31.69	0	1277
BdenJEL423_SC08	1069847	42185075	39.43	0	1312
BdenJEL423_SC08_region	1069847	42185075	39.43	0	1312
BdenJEL423_SC09	1057463	21324956	20.17	0	146
BdenJEL423_SC09_region	1057463	21324956	20.17	0	146
BdenJEL423_SC10	1012305	38854212	38.38	0	1329
BdenJEL423_SC10_region	1012305	38854212	38.38	0	1329
BdenJEL423_SC11	979369	24107150	24.61	0	422
BdenJEL423_SC11_region	979369	24107150	24.61	0	422
BdenJEL423_SC12	937107	23212144	24.77	0	145
BdenJEL423_SC12_region	937107	23212144	24.77	0	145
BdenJEL423_SC13	898261	28892895	32.17	0	1098
BdenJEL423_SC13_region	898261	28892895	32.17	0	1098
BdenJEL423_SC14	857155	69019920	80.52	0	2206
BdenJEL423_SC14_region	857155	69019920	80.52	0	2206
BdenJEL423_SC15	557602	16771783	30.08	0	1295
BdenJEL423_SC15_region	557602	16771783	30.08	0	1295
BdenJEL423_SC16	498254	12852326	25.79	0	781
BdenJEL423_SC16_region	498254	12852326	25.79	0	781
BdenJEL423_SC17	243426	6591735	27.08	0	115
BdenJEL423_SC17_region	243426	6591735	27.08	0	115
BdenJEL423_SC18	48566	2653175	54.63	0	847
BdenJEL423_SC18_region	48566	2653175	54.63	0	847
BdenJEL423_SC19	69118	1625799	23.52	0	103
BdenJEL423_SC19_region	69118	1625799	23.52	0	103
BdenJEL423_SC20	45066	1313385	29.14	0	163
BdenJEL423_SC20_region	45066	1313385	29.14	0	163
BdenJEL423_SC21	28371	766489	27.02	0	49
BdenJEL423_SC21_region	28371	766489	27.02	0	49
BdenJEL423_SC22	17531	599483	34.20	0	105
BdenJEL423_SC22_region	17531	599483	34.20	0	105
BdenJEL423_SC23	15724	2150471	136.76	0	1727
BdenJEL423_SC23_region	15724	2150471	136.76	0	1727
BdenJEL423_SC24	15635	429018	27.44	0	99
BdenJEL423_SC24_region	15635	429018	27.44	0	99
BdenJEL423_SC25	13302	589694	44.33	0	185
BdenJEL423_SC25_region	13302	589694	44.33	0	185
BdenJEL423_SC26	12287	441934	35.97	0	125
BdenJEL423_SC26_region	12287	441934	35.97	0	125
BdenJEL423_SC27	11745	1038436	88.42	0	803
BdenJEL423_SC27_region	11745	1038436	88.42	0	803
BdenJEL423_SC28	11715	430944	36.79	0	82
BdenJEL423_SC28_region	11715	430944	36.79	0	82
BdenJEL423_SC29	10519	222459	21.15	0	89
BdenJEL423_SC29_region	10519	222459	21.15	0	89
BdenJEL423_SC30	9825	352140	35.84	0	148
BdenJEL423_SC30_region	9825	352140	35.84	0	148
BdenJEL423_SC31	9499	283526	29.85	0	97
BdenJEL423_SC31_region	9499	283526	29.85	0	97
BdenJEL423_SC32	9394	824631	87.78	0	537
BdenJEL423_SC32_region	9394	824631	87.78	0	537
BdenJEL423_SC33	8891	299671	33.70	0	79
BdenJEL423_SC33_region	8891	299671	33.70	0	79
BdenJEL423_SC34	8868	246959	27.85	0	106
BdenJEL423_SC34_region	8868	246959	27.85	0	106
BdenJEL423_SC35	14477	2098478	144.95	0	1158
BdenJEL423_SC35_region	14477	2098478	144.95	0	1158
BdenJEL423_SC36	8411	278884	33.16	0	104
BdenJEL423_SC36_region	8411	278884	33.16	0	104
BdenJEL423_SC37	8246	209823	25.45	0	84
BdenJEL423_SC37_region	8246	209823	25.45	0	84
BdenJEL423_SC38	7919	235086	29.69	0	82
BdenJEL423_SC38_region	7919	235086	29.69	0	82
BdenJEL423_SC39	7486	483244	64.55	0	535
BdenJEL423_SC39_region	7486	483244	64.55	0	535
BdenJEL423_SC40	7373	104284	14.14	0	31
BdenJEL423_SC40_region	7373	104284	14.14	0	31
BdenJEL423_SC41	7250	865296	119.35	1	205
BdenJEL423_SC41_region	7250	865296	119.35	1	205
BdenJEL423_SC42	7213	187673	26.02	0	95
BdenJEL423_SC42_region	7213	187673	26.02	0	95
BdenJEL423_SC43	7203	208345	28.92	0	75
BdenJEL423_SC43_region	7203	208345	28.92	0	75
BdenJEL423_SC44	7151	152905	21.38	0	66
BdenJEL423_SC44_region	7151	152905	21.38	0	66
BdenJEL423_SC45	7120	272783	38.31	0	92
BdenJEL423_SC45_region	7120	272783	38.31	0	92
BdenJEL423_SC46	7014	156896	22.37	0	61
BdenJEL423_SC46_region	7014	156896	22.37	0	61
BdenJEL423_SC47	6856	1071374	156.27	0	787
BdenJEL423_SC47_region	6856	1071374	156.27	0	787
BdenJEL423_SC48	6834	282112	41.28	0	105
BdenJEL423_SC48_region	6834	282112	41.28	0	105
BdenJEL423_SC49	6519	1878146	288.10	0	1331
BdenJEL423_SC49_region	6519	1878146	288.10	0	1331
BdenJEL423_SC50	6174	149478	24.21	0	92
BdenJEL423_SC50_region	6174	149478	24.21	0	92
BdenJEL423_SC51	6095	1059388	173.81	0	1004
BdenJEL423_SC51_region	6095	1059388	173.81	0	1004
BdenJEL423_SC52	6071	74351	12.25	0	62
BdenJEL423_SC52_region	6071	74351	12.25	0	62
BdenJEL423_SC53	6016	1925048	319.99	0	1352
BdenJEL423_SC53_region	6016	1925048	319.99	0	1352
BdenJEL423_SC54	5992	1549157	258.54	0	954
BdenJEL423_SC54_region	5992	1549157	258.54	0	954
BdenJEL423_SC55	5977	74331	12.44	0	61
BdenJEL423_SC55_region	5977	74331	12.44	0	61
BdenJEL423_SC56	5808	146618	25.24	0	65
BdenJEL423_SC56_region	5808	146618	25.24	0	65
BdenJEL423_SC57	5752	1109477	192.89	0	1624
BdenJEL423_SC57_region	5752	1109477	192.89	0	1624
BdenJEL423_SC58	8484	2316119	273.00	0	1770
BdenJEL423_SC58_region	8484	2316119	273.00	0	1770
BdenJEL423_SC59	5694	180488	31.70	0	84
BdenJEL423_SC59_region	5694	180488	31.70	0	84
BdenJEL423_SC60	5543	54817	9.89	0	51
BdenJEL423_SC60_region	5543	54817	9.89	0	51
BdenJEL423_SC61	5512	147818	26.82	0	109
BdenJEL423_SC61_region	5512	147818	26.82	0	109
BdenJEL423_SC62	5380	114386	21.26	0	76
BdenJEL423_SC62_region	5380	114386	21.26	0	76
BdenJEL423_SC63	5288	117509	22.22	0	101
BdenJEL423_SC63_region	5288	117509	22.22	0	101
BdenJEL423_SC64	5189	198965	38.34	0	78
BdenJEL423_SC64_region	5189	198965	38.34	0	78
BdenJEL423_SC65	5077	1141041	224.75	0	769
BdenJEL423_SC65_region	5077	1141041	224.75	0	769
BdenJEL423_SC66	4922	150431	30.56	0	83
BdenJEL423_SC66_region	4922	150431	30.56	0	83
BdenJEL423_SC67	4755	114077	23.99	0	62
BdenJEL423_SC67_region	4755	114077	23.99	0	62
BdenJEL423_SC68	4529	2280749	503.59	0	1682
BdenJEL423_SC68_region	4529	2280749	503.59	0	1682
BdenJEL423_SC69	2608	469847	180.16	0	500
BdenJEL423_SC69_region	2608	469847	180.16	0	500
BdenJEL423_mito	175284	12827962	73.18	0	240
BdenJEL423_mito_region	175284	12827962	73.18	0	240
total	23897668	815903635	34.14	0	3076
total_region	23897668	815903635	34.14	0	3076
